1.189256603729582927e-04
1.069699384246362828e-04
1.063722216551248550e-04
1.289293458152467303e-04
1.203770299677367370e-04
1.337340153897744062e-04
1.064942430575557450e-04
1.276828392186054987e-04
1.071113052199101895e-04
1.359586337822857283e-04
1.121935559206542384e-04
1.059910901949054677e-04
1.062801924699965299e-04
1.267387223651685957e-04
1.073590127126173221e-04
7.786530668622795479e-05
1.275228452912973559e-04
1.358403260467269983e-04
1.065639155797270409e-04
8.269108069688007104e-05
1.189848594402032338e-04
1.066373649749679478e-04
1.064550976545213608e-04
1.117537039410911400e-04
1.090198063740932657e-04
1.192994209852125487e-04
1.362327505247590330e-04
1.318562024687146381e-04
1.363237439096353515e-04
1.067231373528761173e-04
8.401381637405070052e-05
1.332801989051362831e-04
1.056015193236071965e-04
1.323855312086327730e-04
1.341158782905807793e-04
1.360636419641885018e-04
7.814765638369398893e-05
1.349645599932068390e-04
1.041761571893100031e-04
9.059648317799183677e-05
1.092774556028604422e-04
1.065057879732951042e-04
1.158259969081933756e-04
1.103041478898005235e-04
7.673671718414451536e-05
9.065579852845018281e-05
8.763791410773229935e-05
1.047330004721686519e-04
1.067379411312929652e-04
1.000478024266726336e-04
1.023806084495611533e-04
1.065697005397279952e-04
1.079179250664479803e-04
1.151986059634662034e-04
1.334968405823100943e-04
1.061981512651544027e-04
1.063460797623261669e-04
1.058974890729249733e-04
1.226244778778169317e-04
1.351120028474456442e-04
1.109341973233313183e-04
1.061328208396407173e-04
1.320428942316692297e-04
1.369947435647502279e-04
1.238389937978151209e-04
1.283534593054746445e-04
1.299148517214615236e-04
1.074324023122656522e-04
6.731576564183775998e-05
1.065398311768435294e-04
1.109980169591955599e-04
1.363794347165973853e-04
1.071904752607709459e-04
1.171538066989372996e-04
1.170383258639690413e-04
1.125512226323095879e-04
1.059564626315375439e-04
1.342676102818316690e-04
1.068541502204593395e-04
1.065725407264143368e-04
1.065510277292694864e-04
1.242464966063988824e-04
1.346283628938779785e-04
9.250668075927260061e-05
1.183517463169260573e-04
1.224507729720817088e-04
1.358375093190034835e-04
1.098678279205428973e-04
9.464256963080207427e-05
1.070673036767604653e-04
1.127846155889579920e-04
1.079927574147001511e-04
1.359265350720938908e-04
1.065778866320585229e-04
1.186628543060742706e-04
1.067449066027847677e-04
1.121218091173903765e-04
1.166814392819207378e-04
1.045227742308807954e-04
1.246476024745233691e-04
1.352886327460374872e-04
1.078650189090997615e-04
1.062370769836383830e-04
1.155884798772939943e-04
1.288128406721335360e-04
1.239172477785591717e-04
1.063603711810085010e-04
1.360545397502924841e-04
1.072624579397488424e-04
1.363324660333006767e-04
1.091754034447944697e-04
1.158698050231889772e-04
1.098360799326665615e-04
1.063189218349955793e-04
1.270060832757312645e-04
1.362897632212157692e-04
1.177402338296615466e-04
1.066170934191428904e-04
1.360286159243752834e-04
1.083063132722584518e-04
1.112350757616103927e-04
1.364177126874807047e-04
1.065314301495458386e-04
1.078501034044166947e-04
1.205599536391403748e-04
1.364621370422435833e-04
1.236497525904195168e-04
8.612609456838098024e-05
1.068118629519248207e-04
1.100837135641926745e-04
1.061511360539406091e-04
1.360361708643575171e-04
1.337797150541399983e-04
1.298206598342497393e-04
9.134225772582049653e-05
8.441266353050491840e-05
7.896534429547766689e-05
1.176908244773315740e-04
1.082048287991534081e-04
1.283128362480304586e-04
1.097939072520429934e-04
1.361857100098026990e-04
8.565583022312202690e-05
9.149349728398169289e-05
1.125263483888051363e-04
1.355420697608852442e-04
1.062644643365340372e-04
6.901877711840141737e-05
9.185609135529288762e-05
1.064815808833657131e-04
7.241060343319446449e-05
1.085535176438648679e-04
1.046642186032106331e-04
1.363899880133686269e-04
1.163394051709935835e-04
1.031624620932487422e-04
1.089168808618978530e-04
1.056209160489523862e-04
1.345561328449736051e-04
1.126934546338934795e-04
1.354214933947424783e-04
8.484749481325521195e-05
1.058577746772683105e-04
6.620713792592085897e-05
1.364133426128083461e-04
9.791684731942062992e-05
1.282817888139746161e-04
1.061051573098362064e-04
1.348212697025616641e-04
1.056133890010620412e-04
1.064792670688431367e-04
1.142945894061824983e-04
1.066510508133398970e-04
1.359274552350684068e-04
1.072021759503733655e-04
8.896212244893471951e-05
1.064891575342446042e-04
1.051438814746082366e-04
1.164348207027986117e-04
1.061507849126679343e-04
1.145183199895425980e-04
1.295433572623651752e-04
1.301015306159601940e-04
9.691934192801447852e-05
8.149601318815817357e-05
1.066780328473955096e-04
6.284674607675907608e-05
1.352502780986451129e-04
1.091484299401465196e-04
1.063078285170605109e-04
1.111516511190092482e-04
9.380045664615692608e-05
1.362828647649570648e-04
1.237437564685493383e-04
7.782467350144388416e-05
1.071501666758566855e-04
1.097855073037175549e-04
1.059623413289678023e-04
6.739177390331701969e-05
1.244472367574187878e-04
1.047038308728234952e-04
1.261866357780220540e-04
1.170263458839652959e-04
1.051997505688481423e-04
1.190969929778189879e-04
1.232776883099974104e-04
1.356332601416295857e-04
1.285104265554715282e-04
1.247491855235906657e-04
1.302525964232638573e-04
1.088221437484021884e-04
6.430783889754801874e-05
1.167288284359867191e-04
1.145961749397497509e-04
8.756109463303324563e-05
1.195788444861095942e-04
1.331179851960045360e-04
1.198688751938395040e-04
1.363936410112071473e-04
1.167247095673822977e-04
1.155044336976979234e-04
1.357192398780138480e-04
1.336227576643713897e-04
1.064089094908408223e-04
1.071159081178577879e-04
1.117829362405690479e-04
1.158961972746679449e-04
1.273644696019114026e-04
1.192303686884263686e-04
1.209907707664960026e-04
1.166108253282568242e-04
1.307339675972967569e-04
1.065131188000721847e-04
1.274998397175548695e-04
1.066714290453142731e-04
1.085447632299797689e-04
1.069152009197043787e-04
1.317244490738866936e-04
1.363027339313515490e-04
1.364185283263294837e-04
1.209485969147928438e-04
1.009350906197479066e-04
1.075142187519134213e-04
1.198958150788948841e-04
1.075599747350806999e-04
1.064743307868756036e-04
1.065541372627070159e-04
1.364850844749055509e-04
1.259965197846214769e-04
1.147216955898866628e-04
1.173762783629422028e-04
1.363160524491302040e-04
1.186412943583706637e-04
1.347390131740594846e-04
1.309402167982576400e-04
1.064555540598053967e-04
1.057266795498890539e-04
1.362924709711580578e-04
1.306612587244318133e-04
8.859489784114256449e-05
1.304014920772596502e-04
1.186651730588689013e-04
1.161570650257063154e-04
1.372430676364426981e-04
1.341097086074790766e-04
1.147678015206146982e-04
9.490483549362357008e-05
1.360617670924410105e-04
1.189287111297741774e-04
1.364127016095743742e-04
1.068794231860726283e-04
1.068128421516583793e-04
1.199537398211650047e-04
1.050167648691689492e-04
1.204766132921712419e-04
1.059323820671636749e-04
1.362095144477952187e-04
1.062115249718398335e-04
1.058974249596013822e-04
1.340882391123916783e-04
1.283100221495784459e-04
1.307961900694097819e-04
1.009857751047026130e-04
1.146898506526646943e-04
1.100597343153183203e-04
8.335832604431532274e-05
1.225854164202748963e-04
1.247950476334202933e-04
1.063392451485954199e-04
1.358386332681347857e-04
8.009224777399343909e-05
1.235373829673478904e-04
1.061268104154821111e-04
1.060442821409635631e-04
1.072283175029008803e-04
1.066272138551220544e-04
1.262759446744979080e-04
1.329015220137451576e-04
7.997835015719037847e-05
1.194680507994563454e-04
1.045030120499851811e-04
1.359092325927764220e-04
1.298443783281512766e-04
5.198553459864445071e-05
1.364112854876383773e-04
1.117087237292724294e-04
1.106986785675576833e-04
1.315320153335040659e-04
1.355082551786725219e-04
1.170447794952115552e-04
9.989762578491657096e-05
1.149217910265347133e-04
1.325746429082991565e-04
1.263141009625695058e-04
1.123834584958336775e-04
1.064029881818998356e-04
1.118498091422545881e-04
1.355064642725498482e-04
1.157638817882977034e-04
1.236060514764488448e-04
1.103279716161336077e-04
1.364113428344899829e-04
1.352235181291950282e-04
1.115201473456611878e-04
1.069207120239028095e-04
1.363044792970802841e-04
1.071069663533274103e-04
1.155757071621286091e-04
1.181710854188656697e-04
1.105977946167514928e-04
1.148970826008095418e-04
1.207586433759353707e-04
1.214629215795597728e-04
1.332495566964972747e-04
1.054062334499457490e-04
1.036866445518725511e-04
1.216996570356868859e-04
8.363411542952091447e-05
1.156312145111667824e-04
1.067572281359446731e-04
1.067670749503373890e-04
1.062062307550218132e-04
9.101856805197405895e-05
1.152517689172748882e-04
1.112304474525495986e-04
1.251526064994255350e-04
1.027310292600862595e-04
1.251709108901858660e-04
1.060646453768016484e-04
1.243873563457446874e-04
1.107812702261728679e-04
1.358922911039057979e-04
1.068518210587398476e-04
1.299086020754587200e-04
1.317365424011155046e-04
8.193793926065177067e-05
1.358843566621276903e-04
1.071316553070234359e-04
1.131684272922993737e-04
1.188843655980172283e-04
1.140558465982727867e-04
1.208978325293073115e-04
1.133797636923995072e-04
1.342894563970697692e-04
1.333362709435395078e-04
1.209462193143221999e-04
7.675459257972788566e-05
1.359892538235700065e-04
1.191653958306493604e-04
1.063299328231331138e-04
1.066419896484186998e-04
1.063078657273940666e-04
1.361556914587337219e-04
1.361511635562035383e-04
1.198834652013956248e-04
1.053206672389074783e-04
1.182608760048936200e-04
1.101669934655545748e-04
1.219245222622411106e-04
9.662068541555565856e-05
1.066867244671979985e-04
1.048231819435452408e-04
1.072826428575189068e-04
1.057636739571632948e-04
1.304792453582751151e-04
1.196177519404870794e-04
1.358826966932411408e-04
1.009854701881826420e-04
1.095128732273493478e-04
1.053010827434333889e-04
1.065996072771601723e-04
9.608705481464632856e-05
7.302659797666693684e-05
7.536139789523744147e-05
1.162904617625895229e-04
1.060930021257836686e-04
1.062978212294857027e-04
1.179791765745600576e-04
1.064139794422132459e-04
1.362701106428531098e-04
1.198672312209803602e-04
1.067091426126286674e-04
1.347556667099597213e-04
1.058283083794877617e-04
1.225815009421604175e-04
1.319999729351931529e-04
1.354826072816319111e-04
1.256972218465501358e-04
8.002587252222941451e-05
1.109454548755881129e-04
1.349053982635351845e-04
1.066278903812822068e-04
1.112326798988761534e-04
1.256931459215697943e-04
1.061297766100807683e-04
1.355711113417453330e-04
1.064585036340198401e-04
1.277213155148615984e-04
1.070147415821000921e-04
1.060070793699268533e-04
8.830964828718977026e-05
1.150872114684555440e-04
1.005398012639322056e-04
1.354211048673429349e-04
1.083162013428675335e-04
1.363801685777668907e-04
1.235610329322973293e-04
1.063895550798944165e-04
1.173856865979888876e-04
1.104333583438899121e-04
1.239963163812860751e-04
1.342510868064374172e-04
1.237016436543097151e-04
1.361494459912491540e-04
1.285763029262330991e-04
1.356809838623744937e-04
1.069423555988021203e-04
1.215116840727305047e-04
1.057069748903222991e-04
1.357396893713714930e-04
1.096075748960785871e-04
1.097822663167160895e-04
1.298284766469940549e-04
1.143426935115072519e-04
1.360927639587492454e-04
1.248155400490861156e-04
1.288012473802762053e-04
1.331274906798778068e-04
7.669640941306472847e-05
1.077353624791780863e-04
1.105156301706402877e-04
1.068215380197168985e-04
1.066835621688571418e-04
1.360973234241142672e-04
1.278842638122846913e-04
1.058167665801362063e-04
1.348069311021312246e-04
9.769170505554332373e-05
1.152898075763124499e-04
1.065746760273383973e-04
1.053297019790075091e-04
1.136095012702331155e-04
1.133604870640400185e-04
1.322007243216047985e-04
1.062819951795500762e-04
1.363629631512181569e-04
1.007503374071179881e-04
1.064450411537041168e-04
1.341230671393397859e-04
9.775917336835639746e-05
1.063651200773300124e-04
1.062720311878442603e-04
1.085371112889401074e-04
8.587611055043422009e-05
1.061993732828678635e-04
1.306406993951146677e-04
1.063154261415818211e-04
1.067187308776253928e-04
1.335390420809675998e-04
1.048842789407024664e-04
1.081413100665587257e-04
1.339845126793191875e-04
1.314762455443222876e-04
1.364743406945216478e-04
1.136521825207671113e-04
1.040224654565866861e-04
5.672907425420184576e-05
1.347465284953631005e-04
1.123707238901015582e-04
1.332798077709659293e-04
1.141603125163286704e-04
1.071622567531413866e-04
1.352274553697861747e-04
1.222648103462402715e-04
1.313531593825491923e-04
1.069725625010656018e-04
1.141583034630592607e-04
8.816310769235404703e-05
1.370894522367992121e-04
1.285549029106462771e-04
1.265390510956911302e-04
1.088431935064212828e-04
1.361315539630444374e-04
1.139658456542255434e-04
1.257093498618168164e-04
1.330186673040196512e-04
1.057959490211671791e-04
1.179917663881304638e-04
1.239218447966340772e-04
1.349407169502429133e-04
1.060122966354930523e-04
1.353943657985074496e-04
1.301110138740570155e-04
1.102831765726731777e-04
1.363599839047391089e-04
1.097788937137786467e-04
1.092008217003441988e-04
1.316532988883577433e-04
1.220934873944971692e-04
7.787721743726342555e-05
1.334857547748115531e-04
1.063426967152000514e-04
1.063885378448081314e-04
1.073463574896406445e-04
1.067514612005713128e-04
1.075087507223947998e-04
1.081573851167220155e-04
1.284437453882169731e-04
1.247128096957425504e-04
1.336461830621577863e-04
1.073497747749266340e-04
1.363119233222621430e-04
1.060942390596311311e-04
1.057323771068173138e-04
1.052134188499721183e-04
1.071737702013116897e-04
1.067873749299771264e-04
1.358879680340040392e-04
1.068528491106550377e-04
1.268363506166598543e-04
1.187947494206245712e-04
9.016484666222754981e-05
6.515236785907695572e-05
5.241996532424342666e-05
1.131823622257696849e-04
1.070345640991271561e-04
1.345667878843590719e-04
1.065999089304467775e-04
1.065114707667244554e-04
1.185108578704223387e-04
1.068253554618819694e-04
1.202206381352484708e-04
6.807760711069475756e-05
8.595451227011841175e-05
1.277448583241767909e-04
1.144821540395714012e-04
1.317180557596960835e-04
1.101385538715004436e-04
1.116915339691387468e-04
5.541546450213334852e-05
1.139200092134095833e-04
1.177687271002191054e-04
1.340581430811115166e-04
1.151100624783625586e-04
1.251691501543654298e-04
1.103630081826378765e-04
1.197970696332967603e-04
1.325114327683621948e-04
1.086846502026352545e-04
1.061470704463038996e-04
1.053238927566039075e-04
1.221424384088668240e-04
1.215189376139057844e-04
1.069228913447912473e-04
1.047695645087076954e-04
6.595885057139263706e-05
1.077688110900387085e-04
1.217117213354026377e-04
1.358215686995783143e-04
1.192554698963861881e-04
1.279234272820524876e-04
1.067700723014453984e-04
1.301198898815413853e-04
9.200900188601591296e-05
1.185000863491343930e-04
1.125374402222320368e-04
1.167479688298820142e-04
1.065786291713232851e-04
6.536449469191695318e-05
1.053982308576451439e-04
1.363543042103286832e-04
1.102696568190601978e-04
1.346193140620051821e-04
1.141699795434087582e-04
1.181298365382746932e-04
1.361705796375222170e-04
1.331220632460337124e-04
7.787165535820276467e-05
7.106473908285796651e-05
8.473216989925819696e-05
1.228577142397939154e-04
1.125774275055108531e-04
1.196722804416418484e-04
1.365080575105273206e-04
1.088615931484616489e-04
1.342610518398778706e-04
1.363656318786795338e-04
1.362276976269387156e-04
1.362922220201415722e-04
1.066667534162121745e-04
1.147972132255541485e-04
1.104275368864665504e-04
1.357490410501115835e-04
1.270614656713557329e-04
7.616979124289045757e-05
1.063008039994674481e-04
1.251462671708245239e-04
9.905008314216580899e-05
1.006918302340199084e-04
1.274078048212416421e-04
1.052689755559404691e-04
1.055019751313927931e-04
1.062524215148150618e-04
1.249287796912101759e-04
1.230281193350627887e-04
1.312455673156715397e-04
1.364286156847016964e-04
1.357404078704753749e-04
1.124411991360861911e-04
6.413206743458324218e-05
1.304291216162784298e-04
1.358126373247615080e-04
1.145670839336682730e-04
1.214269954726309483e-04
1.362440581334356385e-04
1.154499450495694290e-04
1.061327933884800015e-04
1.353614622880068054e-04
1.337876062513664217e-04
7.544601024949631563e-05
1.281249705207102333e-04
1.053724103451679945e-04
7.012980300552728522e-05
1.070184494909444492e-04
1.332097756714061118e-04
1.064845204473490684e-04
1.102374109695471524e-04
1.066726503166944679e-04
1.068488072927788949e-04
1.128334144840227555e-04
1.360387699157347100e-04
1.067312683828816654e-04
1.079065006169135173e-04
1.233182354814776882e-04
1.070429795130731595e-04
1.361393873627508356e-04
1.249402981416013387e-04
1.211762082717811486e-04
1.081348151038347751e-04
1.214706158457880492e-04
1.190413271803822208e-04
8.024619823480090629e-05
1.212485203749505836e-04
1.182357317306756672e-04
1.317491410506794255e-04
1.086243631541955533e-04
1.267736630152456793e-04
1.089584346379558034e-04
1.029017070748151848e-04
1.073586342501871987e-04
1.270939636339317620e-04
1.072170960309515151e-04
1.047550488332641289e-04
1.061729814350826707e-04
1.365152276978027004e-04
1.063048273587591984e-04
1.057098520147048285e-04
1.102177752369680908e-04
9.628213784914657787e-05
1.048120652098060866e-04
8.252587898764581235e-05
1.360359851934879688e-04
1.250541855808005225e-04
1.363570993745278216e-04
1.332637107596369112e-04
1.363189495693688735e-04
9.281234757820657811e-05
1.232856642315499943e-04
1.060041431325993026e-04
1.064378227295246148e-04
1.136608939757647593e-04
1.290013700038681547e-04
1.024873154796700263e-04
1.067151714645812866e-04
1.066310719348046869e-04
1.108702231965287105e-04
1.157357353918086757e-04
1.364997300617721806e-04
1.065898040990389189e-04
1.060673828688783786e-04
1.083105729746433425e-04
1.063321061028293875e-04
1.064438663523451938e-04
1.065976168101096845e-04
6.804192043495680341e-05
1.364029968484642744e-04
8.818815177636242335e-05
1.067366922282215780e-04
1.165040552122162767e-04
1.063694496679090255e-04
5.361359710557656120e-05
1.233793730522038596e-04
1.303222132120421684e-04
1.266196831303368459e-04
1.064456069730956470e-04
8.867779475786438301e-05
1.267588982349662058e-04
1.063478899499476150e-04
1.173949797111650670e-04
1.068488974948632493e-04
1.060709740167348946e-04
1.066262838846838187e-04
1.069884934365829612e-04
1.011759036794466007e-04
1.072446471244733703e-04
1.120949239824158895e-04
1.337112794446312881e-04
1.082964991444105044e-04
1.139641417224806835e-04
1.072127881145578028e-04
1.071604284282590261e-04
1.167060183075502902e-04
1.212324583232454115e-04
1.339631582403121208e-04
1.361370524216874755e-04
1.065463837145823447e-04
1.065370322847953612e-04
1.351166531543835096e-04
1.071792894693832218e-04
1.249804099232834274e-04
1.071467378303035347e-04
1.192816662307062626e-04
1.096502654539327699e-04
1.023887479971318675e-04
1.087926345555516972e-04
1.362563992849439123e-04
6.884880255887129100e-05
1.066631747714079359e-04
1.168862532560304373e-04
1.276542362715658103e-04
1.363440843575786153e-04
1.157800149340144262e-04
6.928489895269888358e-05
7.014600595048836823e-05
1.272960315730044061e-04
1.169972986477109633e-04
1.092221654193670254e-04
9.883171665210689649e-05
1.362532085754201983e-04
1.323066649129496812e-04
1.308082879368748625e-04
1.067900259701874254e-04
1.354529538617640601e-04
1.170033363051300567e-04
1.363854798278732244e-04
9.688179260449569080e-05
1.349664694685170755e-04
1.061876409612185949e-04
1.061967553997393809e-04
1.071764903725934073e-04
1.053475277343650710e-04
1.053149936151637271e-04
1.073489930242298510e-04
1.156719184033741814e-04
8.806383044130858782e-05
7.934662797342496485e-05
1.149252873389100185e-04
1.058109206829374729e-04
1.240724279830478195e-04
1.363307212557437326e-04
1.170577020001539579e-04
1.062223218384504895e-04
1.081589473415079641e-04
1.068198485362010017e-04
1.368025769430404029e-04
1.161789949256436869e-04
1.063001392296314542e-04
1.253145877184478425e-04
1.050518341262968229e-04
1.068162430626186452e-04
1.196456535803991627e-04
1.352040763425455547e-04
7.877392037922050904e-05
1.068070247751189231e-04
1.335977019536469033e-04
1.364891459592889266e-04
1.293206191519404805e-04
1.060514133726017378e-04
1.062733252991972374e-04
1.043451789415585426e-04
1.161740898188703752e-04
7.950711333301081893e-05
1.346564176031171320e-04
1.185171025902585171e-04
1.349703518924468936e-04
1.025686430553891549e-04
1.120322744862243457e-04
1.095381329058135728e-04
1.363559556845454215e-04
1.299118303383506724e-04
1.157369406091338668e-04
1.362470450727245089e-04
1.044288037561542676e-04
1.063988467746168897e-04
1.067019000410490757e-04
1.164096144887278623e-04
1.363542755572982683e-04
1.068613056121293995e-04
1.134217168191333853e-04
1.066097332485301262e-04
1.066687896769522492e-04
1.335250971002914641e-04
8.652155435234582719e-05
1.039319491106291784e-04
9.164099742941252504e-05
1.174196004817068474e-04
9.688082582925967954e-05
1.207472943399858032e-04
1.192305848923701548e-04
1.278602580291126830e-04
1.066826420760156935e-04
8.536347439205529053e-05
1.064177404554422757e-04
1.277055036397274819e-04
7.559704144350008173e-05
1.203819283177751879e-04
1.063896276815722058e-04
1.346256924113765322e-04
1.351090358020378313e-04
9.749716668836672800e-05
1.159098372261900593e-04
1.296241754676292818e-04
1.313821982609785540e-04
1.168305519435628261e-04
1.066661399536148440e-04
1.067341142139091619e-04
1.363872189112196574e-04
1.078493174733597250e-04
1.065706547217780859e-04
1.303485753038767687e-04
1.064327068939343522e-04
1.184892970061186568e-04
1.075896929163133601e-04
1.361551705898550674e-04
1.068042984971173123e-04
1.066344573456701878e-04
1.090170005960967024e-04
1.069589834283187478e-04
1.112327305589942759e-04
1.069698767937383066e-04
1.064349242096479715e-04
1.056563077962959711e-04
1.072836396363429788e-04
1.356636672569407596e-04
1.348184035005370828e-04
1.161478318454943536e-04
9.380169125574023506e-05
1.018113264487290699e-04
8.984528531483559129e-05
1.237823916740042802e-04
1.064931246901323089e-04
1.363624758489045572e-04
1.283350055453418926e-04
1.153522856895962097e-04
1.066392118155414317e-04
7.795711795842584957e-05
1.299196211922054903e-04
1.126495762499053082e-04
1.042059970578282775e-04
1.260910571117895775e-04
1.125322880681705402e-04
1.305061667444818157e-04
1.284171292341952317e-04
8.080055643181030837e-05
1.363441266873726906e-04
1.076042543020236614e-04
1.082028943297129795e-04
1.239240033496740009e-04
1.337662574964376986e-04
1.340267514209431078e-04
1.360197438107966735e-04
1.069414907156579459e-04
1.061914707086677632e-04
1.187998078052821915e-04
1.006860576550948008e-04
1.248776816914362001e-04
1.079988406289617090e-04
1.065764183326013925e-04
8.305535601651713976e-05
1.070274495784013526e-04
1.329087522574080534e-04
1.160576503204319355e-04
1.225785876604950861e-04
9.638426550711515846e-05
9.681783059692067436e-05
1.304284195700551369e-04
6.652333949567190415e-05
1.053629395447277156e-04
1.358666785578138095e-04
1.353214566624619556e-04
1.065269348693484414e-04
1.110198142029090486e-04
1.259958591751447689e-04
1.132896031213738940e-04
1.060770039339752643e-04
1.062974604611487860e-04
9.384545739344999932e-05
1.072701067675585474e-04
1.118087981697929656e-04
1.206728223737461945e-04
1.358912067695060213e-04
1.101840575062044297e-04
1.173881078449944720e-04
1.279968461486927916e-04
1.341216649469365008e-04
1.124608475835642241e-04
1.067976928031503120e-04
8.923708598781906467e-05
1.063456143560450261e-04
1.119447963465294746e-04
7.623566566992306427e-05
1.364920546738750671e-04
1.307344466634991278e-04
1.184428721385470250e-04
1.172622581480427674e-04
1.067337681038057616e-04
1.048498211107301348e-04
1.080983917831788098e-04
1.064963200187102126e-04
1.068759853308375474e-04
1.059800070614166218e-04
1.345484469615701722e-04
1.050712122821341021e-04
1.288973811231518328e-04
1.096640794878987654e-04
9.869242802762059972e-05
1.362516241109098104e-04
7.906803378735061225e-05
1.362910800453307424e-04
1.330465536526574113e-04
1.327938145742014401e-04
1.359339070808748232e-04
1.063649358070191018e-04
1.251556866653420221e-04
1.069334403654114275e-04
1.056542262597725163e-04
1.062423519918548429e-04
1.148778036521335203e-04
1.249879543913133626e-04
1.188363614838188425e-04
1.089314345895364813e-04
1.069533290955471637e-04
8.656723932808233553e-05
1.335481340497585330e-04
1.061934010374863458e-04
7.315086954320235081e-05
1.219899504429090820e-04
1.312688274114798574e-04
1.040279898421448665e-04
1.351832759750263972e-04
5.761825521917503397e-05
1.363654686949084319e-04
1.248646111201771435e-04
1.070212084810176506e-04
1.280721341795804948e-04
1.108271547170463725e-04
1.081050587325089779e-04
1.336848860397047572e-04
1.344300363252126391e-04
1.273915532759467865e-04
1.365088509709687684e-04
1.362819593350861748e-04
1.149274956178361113e-04
1.357057521942211511e-04
1.200129655645526587e-04
8.833258680043500543e-05
9.602353220511988439e-05
1.359307967799199370e-04
1.062111414163972319e-04
1.364509151621271063e-04
1.216637619176321394e-04
1.298329026825648450e-04
1.065926896509844171e-04
1.355140245967354461e-04
6.872929600324020102e-05
6.200763135876957721e-05
1.119001106215162833e-04
1.175088564369593290e-04
1.150141403393240312e-04
1.300492633139021235e-04
1.251594931264638833e-04
1.065499382443557425e-04
1.208340886078243406e-04
1.060230156579360864e-04
1.089195670997636383e-04
1.056572492243670772e-04
1.065822861232001962e-04
1.071183059911649419e-04
1.071026452703133567e-04
1.155804237205975777e-04
1.141520207931356196e-04
1.064420624532901879e-04
1.164853923330400726e-04
1.338862613048755223e-04
1.214565711191225049e-04
1.236743657807860537e-04
9.454384880972041983e-05
9.702701179721591874e-05
1.346450205938220265e-04
1.069638934449426346e-04
1.125772337544547741e-04
1.181375161767964121e-04
1.256151454261572912e-04
1.065010160030195363e-04
1.366036599921788893e-04
1.359358470020203657e-04
8.052984088425105193e-05
1.044367277811132346e-04
1.123374338929065540e-04
1.068345605688135908e-04
1.345052126029917035e-04
1.116200480905887133e-04
1.161142437882533717e-04
1.362192254258912561e-04
1.194539646944659352e-04
1.064891402309501054e-04
1.354992655550097834e-04
1.241422539774501193e-04
1.067970343079329738e-04
1.083280334384013909e-04
1.060445175958784329e-04
1.081147046812069162e-04
1.065524277658336385e-04
1.075070253762078887e-04
1.064674039628559052e-04
1.074091495216262149e-04
1.064285159036634765e-04
1.063181966603427220e-04
1.360443138112174229e-04
1.154846330311760157e-04
1.327387893373573600e-04
1.363215619747394874e-04
1.202351558917927641e-04
1.062928002166126367e-04
1.065279734433488421e-04
1.236638880460236647e-04
6.983067163025263456e-05
1.081087835527962977e-04
1.351122633855714129e-04
1.067953771633222717e-04
1.073421467675979968e-04
1.319903745953582741e-04
1.163671832976567760e-04
1.147992044778861170e-04
1.154288314574437955e-04
1.362713380785864038e-04
1.081447349399148613e-04
1.066885816580107163e-04
1.013771700168370773e-04
1.066968406854479964e-04
1.361004496116205594e-04
1.103180852818804852e-04
1.152110026362571576e-04
1.360613625954621027e-04
1.308706945411376818e-04
1.073484368955885575e-04
1.244003397270940464e-04
1.066015801309086756e-04
1.354263673647438369e-04
1.349948646141759250e-04
1.092170049690610053e-04
1.360161725651106183e-04
1.277449348204180441e-04
1.130273467035076599e-04
1.328144858324212826e-04
1.108103373768344548e-04
1.062863163283549948e-04
1.063038048003920211e-04
1.072748677765284538e-04
1.150656205208244585e-04
1.062265860106755547e-04
1.260289836274619047e-04
1.165054522192366363e-04
5.201131066588400977e-05
1.144760070638363116e-04
1.067646452541895128e-04
1.364220318472923570e-04
1.346375532033628982e-04
1.150150193325318412e-04
1.274102003629162827e-04
1.160370623730851044e-04
1.357592687351478220e-04
9.118931234297645834e-05
1.244152662696639043e-04
1.178300963305093941e-04
1.237309772506024448e-04
9.782833166311816534e-05
1.360369309069210165e-04
1.052796358486054909e-04
1.076251623486098165e-04
1.362537768959219415e-04
1.064380428130318738e-04
1.056339967838674382e-04
1.223312591639146040e-04
9.930801373164504457e-05
8.963783045509188285e-05
1.088082874997763517e-04
9.818766877363777372e-05
1.061614698853769617e-04
6.456981723977785583e-05
1.333318190103965450e-04
1.183722025243864325e-04
1.047048148250352906e-04
1.037592464430549624e-04
9.448563913047083841e-05
1.124149646793067849e-04
1.353540475961340301e-04
1.150524957006803547e-04
1.059395962533508820e-04
1.050580764696304556e-04
1.248441871153031096e-04
1.065448333782293290e-04
1.173294403516123664e-04
1.161594971677005193e-04
1.353564716326775700e-04
1.230458576412939598e-04
1.154839107829064288e-04
1.063987217675177623e-04
1.363567994657549566e-04
1.060960331221430037e-04
1.070401475392078391e-04
1.069197719321781964e-04
1.164191501927729435e-04
1.147268674783515611e-04
1.109589633647301287e-04
1.073473722604594515e-04
1.105694070686367514e-04
1.069714760728015856e-04
1.068754525074719727e-04
1.051653846770531781e-04
1.361656251872403239e-04
1.037933604295550717e-04
5.966147802980606391e-05
1.075861176702718109e-04
1.157666089531624612e-04
1.089040326891994913e-04
1.311643757912546340e-04
1.046340416179546216e-04
9.021955159377517003e-05
1.064783928507461618e-04
1.106071178406230356e-04
1.293797109969705773e-04
7.953017154073264722e-05
1.098902946049900680e-04
8.959425513481802678e-05
9.061203620688127619e-05
1.061610309262861111e-04
1.058637331136462321e-04
1.011633087768115403e-04
1.161974873245643546e-04
1.252873316509543343e-04
1.145129055344198862e-04
1.269683698994741774e-04
1.117716318893365073e-04
1.274759738302472581e-04
1.040890267679136225e-04
1.117625139386289098e-04
1.257789609949383849e-04
5.412683463680007233e-05
1.313239458437673248e-04
1.064680817050969773e-04
1.311255389040338947e-04
1.066434899712476723e-04
1.062782399580335606e-04
1.069345094880122342e-04
1.073229835810706080e-04
1.066529380169514338e-04
1.262265989246902592e-04
9.699601345771579469e-05
1.352909922953012532e-04
1.353173471069676859e-04
1.126748086841873083e-04
1.156490445895187399e-04
1.087550329964835139e-04
1.129522120661644865e-04
1.363073076230979285e-04
1.247688365234960980e-04
1.180898398857001730e-04
1.019365376214514750e-04
1.073729918009240096e-04
1.150212294644629833e-04
1.248806676657024937e-04
1.359351831945754003e-04
1.239157723889377160e-04
1.051551075169261402e-04
1.363844673763182035e-04
9.855034067253739074e-05
1.350893774388042172e-04
1.191990876855522006e-04
1.090805599312085692e-04
1.120123638640036629e-04
1.273179300711634238e-04
1.092663966797990011e-04
1.190196869408233096e-04
1.200476201567034131e-04
1.057099220992189890e-04
1.233461083719098969e-04
1.175805820335489434e-04
1.363100887240769959e-04
1.061293637155390912e-04
1.079476304834381915e-04
1.303548956099330372e-04
1.195282885099137522e-04
1.067344277927346249e-04
1.197078794757493045e-04
1.307193231199292843e-04
1.114639046043656035e-04
8.062054948188829132e-05
1.155998847166385477e-04
1.363780994792938763e-04
1.152769319829800875e-04
1.034251792316302900e-04
1.296569001872875518e-04
1.363378368326782048e-04
1.290378863824639326e-04
1.058410402410773620e-04
6.153090579979008886e-05
1.070667613937023263e-04
7.208847455331110813e-05
1.364038489260497927e-04
1.043480335148933594e-04
1.068250530451564780e-04
1.062548407667742519e-04
1.080555577809571454e-04
1.266213257811917567e-04
1.064559183376973732e-04
1.108187959466461393e-04
1.223231133877788221e-04
1.197090523650907269e-04
1.350868051425187916e-04
1.063538124586532952e-04
1.056220791800417002e-04
1.351129194044156678e-04
1.138966721743759556e-04
1.160751373213821325e-04
1.141190651857735367e-04
1.193881954846019245e-04
1.362870697434458731e-04
1.063434544356049857e-04
8.498876751267055879e-05
1.064677853578539676e-04
1.264526881930838338e-04
1.346310446608514524e-04
7.029118764813168795e-05
1.058525003306461380e-04
1.080408558209455940e-04
1.182497813564017930e-04
8.660077866840800928e-05
1.009240362727132788e-04
1.093577003306610745e-04
1.246338485422091242e-04
1.198585963745952730e-04
1.069902654427955149e-04
1.281220402629948060e-04
1.048031784381253385e-04
1.120207649107752510e-04
1.068958267611964225e-04
1.065926047658649080e-04
1.318178286400898693e-04
1.060939023444817567e-04
1.209815454438336940e-04
1.195445021982811219e-04
1.040273694899143984e-04
1.163040168978094488e-04
8.137825938408438039e-05
1.066384615745198888e-04
1.073879608942139899e-04
1.361949739180934879e-04
1.339643014062031983e-04
1.073881892215954872e-04
7.519668001047351139e-05
1.128752908664832759e-04
7.650430994224855440e-05
1.067724568273390595e-04
1.364881836317872782e-04
1.278084545093508982e-04
1.219122173476232512e-04
9.253545930537004449e-05
1.297662291243018788e-04
1.364165172945933536e-04
1.335485064986291330e-04
1.066691251657578764e-04
1.274224164846925189e-04
1.127347743082258085e-04
1.080942577739617342e-04
1.117769733188242416e-04
7.642767335861834022e-05
7.898787076025358259e-05
1.330432395018601912e-04
1.333778922273415497e-04
1.067179131647815312e-04
1.279718653487786617e-04
1.188767769414658529e-04
1.362649069423370221e-04
1.075943754379429822e-04
1.121752097035325904e-04
1.360867029307898535e-04
1.240018296886933398e-04
1.347300022997742280e-04
1.067695649668267874e-04
1.049336694799658288e-04
1.011719257854160585e-04
1.035950885203097753e-04
1.219867007867596976e-04
1.055441104245738541e-04
8.779458241779416171e-05
1.265441761093884384e-04
1.314498190936320401e-04
1.093827750724829647e-04
1.149178758750067300e-04
1.340995287532846373e-04
6.817944967207474854e-05
1.043595906177567092e-04
1.088965459125028611e-04
1.066468446245599577e-04
1.354003484089968143e-04
1.334602824124850936e-04
1.291523875674255263e-04
1.074810894410634115e-04
1.107433518688627077e-04
1.255420870746902842e-04
1.128097798041634184e-04
1.365080531556902188e-04
1.070234318618716168e-04
1.112304051228871861e-04
1.122746017209145120e-04
1.381275009192012878e-04
1.124508403121742505e-04
1.255160407338363029e-04
1.059256704568017709e-04
1.350090022756206991e-04
1.069547547021757736e-04
1.208506496136916116e-04
8.288406831979941761e-05
1.328702498247585028e-04
1.011741775648212897e-04
1.076959599544124335e-04
1.068820553032142490e-04
1.087877850199309642e-04
1.236165487531100946e-04
1.273120272384387216e-04
8.049994710290760494e-05
1.144080320882620263e-04
1.082263996425037182e-04
1.340319419682600981e-04
1.109684963875291969e-04
1.016735189567599847e-04
1.242499584111344407e-04
1.067083500574714765e-04
1.075610643165758102e-04
1.092261922582127959e-04
1.096606203116447595e-04
1.053909085810654923e-04
1.069307311185927178e-04
1.362504680173515226e-04
1.191084199567542256e-04
1.364216365643421049e-04
1.066722537727940229e-04
1.163321318718621005e-04
1.067564944089890831e-04
1.095485490375729760e-04
1.146754866862533326e-04
1.191092696341525443e-04
1.359543381098588021e-04
1.350383846267246793e-04
1.354470571418124603e-04
1.039691306667017495e-04
1.088790885067102875e-04
1.200096491358082393e-04
1.063344346019020215e-04
1.131515902788696214e-04
1.069622349558270620e-04
1.131578307472914073e-04
1.359102961563014866e-04
1.218252494684040439e-04
1.252137438406728627e-04
1.245810860837082146e-04
1.148173973783068503e-04
1.321561936604379733e-04
1.258151264359502655e-04
1.214374115358360720e-04
1.067360317929594082e-04
1.362079634899805128e-04
1.108051647246678325e-04
1.118328501113999854e-04
1.257862947265191416e-04
1.069431425990942445e-04
1.337658178962791505e-04
1.150166564945755371e-04
1.070827336333320920e-04
1.064611751760198582e-04
1.200807293826156545e-04
1.063286690834030644e-04
1.069028138545036471e-04
1.298414112195841064e-04
1.055536105599020724e-04
1.363654768186488004e-04
9.542746109521724435e-05
1.067570346880534902e-04
1.166154163414559610e-04
1.137101204246572056e-04
1.065315412863244516e-04
1.137273242403790297e-04
1.065498516602493892e-04
1.105176268152018200e-04
1.346745149901464392e-04
1.201430333145058626e-04
1.079973566246675981e-04
1.187068206918329448e-04
1.317385117018871120e-04
9.212708938885377547e-05
1.096851885030765693e-04
1.101554914063320400e-04
1.271189012333741818e-04
8.467055201164289894e-05
1.160585003916552008e-04
1.345559907543215623e-04
1.102999438579125045e-04
1.150397303793701103e-04
1.340641821594847711e-04
7.308403996936014473e-05
1.319576170125720679e-04
1.363908336258046303e-04
1.329923793975836249e-04
1.057789358616935090e-04
1.066037983255901868e-04
1.066476105488386566e-04
1.207541876434940482e-04
9.130520664223646505e-05
1.318296858592305214e-04
1.369275892518247823e-04
1.341492042822915688e-04
1.106859349588543167e-04
1.333619094665479691e-04
1.244534598571497917e-04
1.136782342070075661e-04
1.335487742900804732e-04
1.057922122000759714e-04
1.359411925408139860e-04
1.173291073389169577e-04
1.261002452753037318e-04
1.026549450013245445e-04
1.057379496798046116e-04
1.208018850225776685e-04
1.311097658279542692e-04
1.208344767852158162e-04
1.086807896261842050e-04
1.065874946688282799e-04
1.113669310670830552e-04
1.160467182033272612e-04
1.300625700179862518e-04
1.361911236591174757e-04
1.363383766235729672e-04
1.349684472942230492e-04
1.161773639816382145e-04
1.363673244993733396e-04
1.068467462409393898e-04
1.208514514024834250e-04
7.932685119377084202e-05
1.329590569959555207e-04
1.060586343126285929e-04
1.064811708328374993e-04
1.314287756783912042e-04
1.183082643715731828e-04
1.042577191057077754e-04
1.165324157002318886e-04
1.206831594307834180e-04
1.194973377788822143e-04
1.249545359200964238e-04
1.074676684746016746e-04
1.363382281793532416e-04
1.314366023479426220e-04
1.130750045679935502e-04
1.299054669030081830e-04
1.356599034041725655e-04
1.218582708051799683e-04
1.073568462343941023e-04
1.323752507552718313e-04
8.045596309226819571e-05
1.333452876740129930e-04
1.231517866550028842e-04
1.124064483623709199e-04
1.139582488586706453e-04
1.152219264402750543e-04
1.276613192186670397e-04
1.004120035380158955e-04
1.079843594711578657e-04
1.305729767235289291e-04
1.328646135876681222e-04
1.255701770777708820e-04
1.243235464711585218e-04
1.065075875169862215e-04
1.066049803273788155e-04
1.339777294801975966e-04
1.117027126829943883e-04
1.203727011671762328e-04
1.350650259365903543e-04
1.362053051168374772e-04
1.224244397782833890e-04
1.337315784103002307e-04
1.244901699671964272e-04
1.065420066408006455e-04
1.322132298311214495e-04
1.306014662742639287e-04
9.150814475720777232e-05
9.892505432918396611e-05
1.164424611414671690e-04
1.155164351134602867e-04
1.347221269235711154e-04
1.189599805958031087e-04
7.249444095375808667e-05
1.358840781799025631e-04
1.116682016423189061e-04
1.065335623751352344e-04
1.071635341552927686e-04
8.216472601332123365e-05
1.065349816926712523e-04
1.349439882609713742e-04
1.023174807254757600e-04
1.216478863602366950e-04
1.352490048431688539e-04
1.271115483916148434e-04
1.306773884026996469e-04
1.022561162810857851e-04
1.018172076885866023e-04
1.253271591100132249e-04
1.043635670404375167e-04
1.069568194919966523e-04
1.289560454775136311e-04
1.353794063316240341e-04
1.174470510908008630e-04
1.139994144628637322e-04
1.059964953608668340e-04
7.556136296374088113e-05
1.064308313234862285e-04
1.067423411461311490e-04
1.078179340736453096e-04
1.069888314138668975e-04
8.393473540472236121e-05
1.146126298273750883e-04
1.202104400990552241e-04
1.346705474679345217e-04
5.906793467094872654e-05
1.052474427367584999e-04
1.048804505767061528e-04
1.360630609386565069e-04
1.168570862525350311e-04
8.947374257278143794e-05
1.073523403284247550e-04
1.323641984132838177e-04
1.067480444989828153e-04
1.066892186953634217e-04
1.060039226293460322e-04
1.361446407366517135e-04
1.360521215716473662e-04
8.354977490470181644e-05
1.267161252119168146e-04
1.370191006434090498e-04
1.069048120901545950e-04
1.056131713015574455e-04
1.361496326576680754e-04
1.037536107004498532e-04
1.362843981614451103e-04
1.064970682765280474e-04
1.196162827191662623e-04
1.362396212811676469e-04
1.064796317204277806e-04
7.657655550493333292e-05
1.114673831605411187e-04
1.350199004285193463e-04
1.126028653520398117e-04
1.065392199658770467e-04
8.293310141211844924e-05
1.065592395853535713e-04
1.111043823150928043e-04
1.002375117183065454e-04
1.193676750930264681e-04
1.340904844790169752e-04
1.192563956867280912e-04
1.348219359279575059e-04
1.064938207925344559e-04
1.359714861124488000e-04
1.289798227318519517e-04
8.411016579019978503e-05
1.063508140414678972e-04
8.081556993033705985e-05
1.086572867566078118e-04
1.288803017903066386e-04
1.150346392596137600e-04
7.263623656209960804e-05
1.197234845259724907e-04
1.033564139118706572e-04
1.356141830628816323e-04
1.069621696545809214e-04
1.221381875614229243e-04
8.440013801999981244e-05
9.428311501019822889e-05
1.363544046171228903e-04
1.355355151659935189e-04
1.148992333336687239e-04
1.006704356122418992e-04
1.067737778620775547e-04
1.071479639910072405e-04
1.183913773190766166e-04
1.033375506625376666e-04
1.106632549894787310e-04
1.064107161160112499e-04
1.169205672620211411e-04
1.263310420627464410e-04
1.028786583463915758e-04
7.889526903505216665e-05
1.067307925642541245e-04
1.128710635414253467e-04
1.358073056951050489e-04
8.828063511988084287e-05
1.363065093334658580e-04
1.065750328092674712e-04
1.362085410705648114e-04
1.063387715063341033e-04
1.061114565243525426e-04
1.080836793821363925e-04
1.354164854844089598e-04
1.264633447556629540e-04
1.358983262588991481e-04
1.264486967255817212e-04
1.221341846960258683e-04
1.010714516525013909e-04
9.752366180195950118e-05
1.183202938295623713e-04
1.068570390351118504e-04
1.361820404428972051e-04
1.361149021871849358e-04
1.171427873363957032e-04
8.759616346659875681e-05
1.068102441726742288e-04
1.168977795521291093e-04
8.745176593549792825e-05
7.227506485076272142e-05
9.180090839927737133e-05
1.363756560334859931e-04
1.083140554827523376e-04
1.059224350641402925e-04
1.263722090443394040e-04
1.071594191191454582e-04
1.060089556740758917e-04
1.029451731461173146e-04
1.293680727430212814e-04
1.070897875626576715e-04
1.065589637675322978e-04
1.326712046860661692e-04
1.048624646165939096e-04
1.060498873291785047e-04
1.064467704105078670e-04
1.224230651844123959e-04
1.304597459926631561e-04
1.356380726317889750e-04
1.213064733524788299e-04
1.128609126531635330e-04
1.147497504753141852e-04
7.271806734050002873e-05
1.060659328497120087e-04
1.181135524714387947e-04
1.175970732508296429e-04
1.064970770688364814e-04
1.038226145792745664e-04
1.358821004915683386e-04
1.361646922225223373e-04
1.062339108323137306e-04
1.066027178698323517e-04
1.091089969773092073e-04
7.783827358230794040e-05
1.363489705783894987e-04
1.056410409761258132e-04
8.632930356645408495e-05
1.361921622173282878e-04
1.317878782711228379e-04
5.789203048480989468e-05
1.377990924114389339e-04
1.357852057551857860e-04
9.472696096469016057e-05
1.362947154667101758e-04
5.831988203626520186e-05
1.227072476044942836e-04
1.128100802482115579e-04
9.428181977039823880e-05
7.952977023040624655e-05
1.253764150461662591e-04
1.085429409247101138e-04
1.060484687000793160e-04
1.064795680723779644e-04
1.325654449165318007e-04
1.224513030390677541e-04
7.154404957637539909e-05
9.237696265582023597e-05
1.053255403957319456e-04
1.246974971775426815e-04
1.054676906999016091e-04
1.020608259944276631e-04
1.030195290923073851e-04
1.078593680700929574e-04
1.046854806498197818e-04
7.310876993610944830e-05
1.062137834811369093e-04
1.165567423379237840e-04
1.218282177517350593e-04
1.333468822319144290e-04
6.081882783927608553e-05
1.337759589879986704e-04
1.358536104174003711e-04
1.065458553602672930e-04
1.187755334365613892e-04
1.072911275512234894e-04
1.049534150067924366e-04
1.283138648394316665e-04
1.362570269415537311e-04
1.053991083502916820e-04
1.062470535583980469e-04
1.329566742056283570e-04
1.232109696110858738e-04
1.050498760517055063e-04
1.133836502205028422e-04
1.193382137723350268e-04
1.260572462869006800e-04
1.363642564726848163e-04
1.048365113710497367e-04
1.156951327882576805e-04
5.973488230295141027e-05
1.064001651429778765e-04
1.164516975538593742e-04
1.203683225845437365e-04
1.263935152140734791e-04
1.087930854618927845e-04
1.346066115760944596e-04
1.062230937131296391e-04
1.070529093651743392e-04
7.418510603395564538e-05
1.087276879845663072e-04
1.362753431264024731e-04
6.882973431848534601e-05
1.237131916730154716e-04
1.046074904351712033e-04
1.359945143140826277e-04
1.105162369078194223e-04
8.030772803617011626e-05
9.104680659927719274e-05
1.347772459587674189e-04
1.049946331895688700e-04
1.064892251894923142e-04
1.122604007527436520e-04
8.480499721880748604e-05
1.308472239129638702e-04
1.065200983576788571e-04
1.201653514373619039e-04
1.211203463261274635e-04
1.210869893894908394e-04
1.294475862062920135e-04
8.466077744523560933e-05
8.811582231226532428e-05
1.353657314627162186e-04
1.068828307085015639e-04
1.310861625717158938e-04
1.067094671885502271e-04
1.074686171391560168e-04
1.073599782780884469e-04
1.270312536448947713e-04
1.076182090413467854e-04
1.125438987072711281e-04
1.077133772658574873e-04
1.138923456789999779e-04
1.061935832185385045e-04
1.240146642858151662e-04
8.539566723692253809e-05
9.908922570223962578e-05
1.130456626657193076e-04
1.065890412787794724e-04
1.365119273904831412e-04
1.101150469724889531e-04
1.145256560901256878e-04
9.831329499226732686e-05
1.188484148549926687e-04
1.363621388842756145e-04
1.066427204092530582e-04
1.210328903640502991e-04
1.344373108201614658e-04
1.357201996822992955e-04
1.047925378143357860e-04
1.066604206867108209e-04
1.071993425754228375e-04
1.346124267353454563e-04
1.063225939324857018e-04
1.108059762507899727e-04
9.788322515928647694e-05
1.067899373302443565e-04
7.171954671300083471e-05
1.247372374048492060e-04
1.068309009716122634e-04
1.240256469577721507e-04
1.267163626710885252e-04
9.083708303960620850e-05
1.136458415658125480e-04
1.059879519865954980e-04
1.363756952308390659e-04
1.061013441943503956e-04
1.071001114454433561e-04
6.726628058854813993e-05
1.057282591379707403e-04
1.068672048063490501e-04
8.409175879680531505e-05
1.346283218774040969e-04
1.219733165385151455e-04
1.345553985237935436e-04
1.362674650306625794e-04
7.931617644919280595e-05
1.291073062993237637e-04
1.116333632261836480e-04
1.358501759185584972e-04
1.067009615456772327e-04
1.063756568802992159e-04
1.251497098093277331e-04
1.063121936168811215e-04
1.109078538461373765e-04
1.205735090471299277e-04
1.037365931640326326e-04
6.425040369974870916e-05
7.652963594592985348e-05
1.359158797990185120e-04
1.282935407808147949e-04
1.066329618921642319e-04
1.088399123446756031e-04
1.068743668329094198e-04
1.095658859640025456e-04
1.078583664764210106e-04
1.128765196190889894e-04
1.056981997435897273e-04
1.364331563543696231e-04
1.113610256594304519e-04
1.060880596431465326e-04
1.072762011531308487e-04
1.105076339079591826e-04
4.080174656609062989e-05
1.288205533051020970e-04
1.080751218176686888e-04
1.090035246504697292e-04
1.150910796544240883e-04
1.068082727513272048e-04
9.978296222672925885e-05
1.091294511355115075e-04
1.159712444615689669e-04
8.079142751821805806e-05
1.362718662318441586e-04
1.062477370615615114e-04
8.553134152735860415e-05
1.141754982625200126e-04
1.059008371959550571e-04
5.583223772994741192e-05
1.185203961799225376e-04
1.242905306734579671e-04
1.068148059946727479e-04
1.138785246898732647e-04
1.065749288152852630e-04
1.346250246822617745e-04
1.115054417934610375e-04
1.207443236587046361e-04
1.327076746177992066e-04
1.121626679047562020e-04
1.351338244661961694e-04
1.067838580550212386e-04
1.070136120633662579e-04
1.361589013250162974e-04
1.211058839961273704e-04
1.068543910512878179e-04
1.069059802739924660e-04
1.317985801326434494e-04
1.283648680834632730e-04
1.323499551958469552e-04
1.296610005746751994e-04
1.231796506441763209e-04
1.233204891509265288e-04
1.251293256087945935e-04
8.778904557023762916e-05
1.356002547504852902e-04
1.306980717925155101e-04
1.183035606318214933e-04
1.044020062863637170e-04
1.054726116012505292e-04
1.181681791264406473e-04
1.065152099689233305e-04
1.070582260733015219e-04
8.073228982791791689e-05
1.327628898916666494e-04
1.268617269755833597e-04
1.014715778132490752e-04
1.091752609612385913e-04
1.064871981742288297e-04
1.110958224478088242e-04
1.334816203729536287e-04
9.393721149064242779e-05
1.058504479179538376e-04
6.402179601789418078e-05
1.362420588924984500e-04
1.074659804687514781e-04
1.341020476893895581e-04
1.042742000707776786e-04
6.964390325105410844e-05
1.318673104275143448e-04
1.339118195544498706e-04
1.347634341491947140e-04
1.352089471093144749e-04
1.357424651322273329e-04
1.200432790408578868e-04
1.058933110969020750e-04
1.078437442764106752e-04
1.067554450331599855e-04
1.256863656719900456e-04
1.062793124396599901e-04
1.068235894594923022e-04
1.359723855195490289e-04
1.277780847993777744e-04
1.179302765371579502e-04
1.182989887661699719e-04
1.105526171643220158e-04
1.220113380868939786e-04
1.360844035502851144e-04
1.068678232156399481e-04
1.145844520998984516e-04
1.113552036602842414e-04
1.102453413982066330e-04
1.350375498742762000e-04
1.231391340584028890e-04
1.160966213457524589e-04
1.356866303918076715e-04
1.161189833809388557e-04
1.156075083008387361e-04
1.134359690145407144e-04
1.093755344135794046e-04
1.064823549654648192e-04
1.068357950741839968e-04
1.364362797423373467e-04
8.545248700300013642e-05
9.259968642275577923e-05
1.169075732929267730e-04
6.198135267202023761e-05
7.025941953505332373e-05
8.945516499478686583e-05
1.061248285502094826e-04
1.177893807401367315e-04
1.062846430170548455e-04
1.161138938746409093e-04
1.195195893530952080e-04
1.092920848340858924e-04
1.070005532826430342e-04
1.070077065668958261e-04
1.071949409579164196e-04
1.361568015212284732e-04
1.123842328728078563e-04
1.112069800730036212e-04
1.242213845847677748e-04
1.061213700866034621e-04
1.118213213776132953e-04
1.063391065038125097e-04
1.314310247056272424e-04
1.063529098162149350e-04
1.066429422454323535e-04
1.334992739714381234e-04
9.919493858332209220e-05
1.060234609377000073e-04
1.354350728217082651e-04
1.013537983114758882e-04
1.333664947082980863e-04
1.204030859535502456e-04
1.226578389234956690e-04
1.170478660928556157e-04
1.252222764883808301e-04
1.066131013426793560e-04
1.140907480450755493e-04
1.130590555720589746e-04
1.320869091482858521e-04
1.069514934097052643e-04
1.069829513106149453e-04
1.345698151074734526e-04
1.178604144490270856e-04
1.364302649859734239e-04
1.120963829150779605e-04
1.245783860623659125e-04
1.234405613409442920e-04
7.656797294291419647e-05
1.339685828617226068e-04
1.168777994259335718e-04
1.359112349127320418e-04
1.356459859904490296e-04
1.064649320775752536e-04
1.256373700092202879e-04
1.341208728445526539e-04
1.123800679291915870e-04
1.074219093050454585e-04
1.255337422239536228e-04
1.179880522462473905e-04
1.126511334358905000e-04
1.066433709190227797e-04
7.616255398722328969e-05
1.063633401783033980e-04
1.068158782118192247e-04
8.460265903480561052e-05
1.069432927991441113e-04
1.220618156420668357e-04
1.358860335956169497e-04
1.235010031829613362e-04
1.316397601700959152e-04
1.298015976900574668e-04
1.068661514630599656e-04
8.603970204772128842e-05
1.181997278260276752e-04
1.067282831560009644e-04
9.786295553297986777e-05
1.143736677320291177e-04
1.361431344067101006e-04
1.166529223934486160e-04
1.075976283236403569e-04
1.228673568389407485e-04
1.363267227716321315e-04
1.093568228674889791e-04
1.348448480150657598e-04
1.061286917663268497e-04
1.071034203955941442e-04
1.065300728137054620e-04
1.350590192025171896e-04
1.362257777752044210e-04
1.142954969671554322e-04
1.324057178972334035e-04
1.089827083820570547e-04
1.235779889683457061e-04
1.265570269005685390e-04
1.364251275019881841e-04
1.363439200598346129e-04
1.005756502628948185e-04
1.131987049004070837e-04
1.156052272653630112e-04
1.063028173665206308e-04
1.362871556713525902e-04
1.068666035945608377e-04
1.205797753114109367e-04
7.796016742573831811e-05
1.056747049140674980e-04
1.245217032061629462e-04
1.168946591335718970e-04
1.067310594043679317e-04
1.064428898418842814e-04
1.061102269835706235e-04
1.291851073946024653e-04
1.204116483114180418e-04
1.339856810592141099e-04
7.525110316682550736e-05
1.231546698895263578e-04
7.328717369516734431e-05
1.155656997803414975e-04
1.067090767332114573e-04
7.715218121973077287e-05
1.346910028266912348e-04
1.068589564891592376e-04
1.363327112958109561e-04
1.259562199249086183e-04
1.102633126071884240e-04
1.366058547763193166e-04
1.063417187304945032e-04
1.229778504791865861e-04
1.331737360443537965e-04
1.059678844323268514e-04
1.336566163673404768e-04
1.136389924875369506e-04
1.285871737542898941e-04
1.359015478593999485e-04
1.296736312255049068e-04
1.280367623453288915e-04
1.062942332781501698e-04
1.071249156860142634e-04
1.093278038179387024e-04
1.061552724132120806e-04
1.090872057484712330e-04
8.157290728366067367e-05
1.175102591909542402e-04
1.193108434754909579e-04
1.167193892283818302e-04
1.061261003948638971e-04
1.061534869024770213e-04
1.363217563194935088e-04
1.180309514426074999e-04
1.080078623908670626e-04
1.038554153920071151e-04
1.041616458371242394e-04
8.199110437372105940e-05
8.028976940379472106e-05
6.998096402336786482e-05
1.340046111985139325e-04
1.149726527084792075e-04
1.320848093419985624e-04
1.049860279449206025e-04
1.190688131466094733e-04
8.663017977205043842e-05
1.122408583490318079e-04
1.131195436561973299e-04
1.321454008273417117e-04
1.351194924784187006e-04
1.110906965261957514e-04
1.088407974015757402e-04
1.067224857904504814e-04
1.061837645500593127e-04
1.183665921873685304e-04
8.933626933143123494e-05
9.994983935468082644e-05
1.188958962285580480e-04
1.148392818178513796e-04
1.079415366378784643e-04
1.138179439513567888e-04
1.065272274597940471e-04
1.219925018566062465e-04
1.065221318494077965e-04
1.285580319411130826e-04
1.059184556016522282e-04
1.322590633533172436e-04
1.059476737368555109e-04
1.107868680055322844e-04
1.019896136093032495e-04
1.067787381367048212e-04
7.678145847952076925e-05
1.065159452709154761e-04
1.279328885612197007e-04
8.698572178723707013e-05
9.119236056802334557e-05
1.204476039328449845e-04
1.067023633801774388e-04
1.289102819420671160e-04
1.067958203335634445e-04
1.060233076120514295e-04
1.245753555470701442e-04
1.116365279414222413e-04
1.358867470163138713e-04
1.147231338708874039e-04
1.362180616839982845e-04
1.331045490912981374e-04
1.359937992480842709e-04
1.335370321582044634e-04
1.041760850700117582e-04
1.330093513345259387e-04
1.058794339272666846e-04
1.334232552968235032e-04
1.078296346219286304e-04
1.190796804019522714e-04
1.364188472610682642e-04
1.360667557445661925e-04
1.287727674068677678e-04
1.326454942992923353e-04
1.340105497465375172e-04
1.311980116124937491e-04
1.270218171906432002e-04
1.061896783935649386e-04
1.356389441902196530e-04
1.359553019450271633e-04
1.066540170029385120e-04
1.054490761536845407e-04
1.192431341707931382e-04
1.361527206962667778e-04
1.054700977752635985e-04
1.187149583230433865e-04
1.341014308559246369e-04
1.232702502236361945e-04
1.191933780422917751e-04
1.058095624936566904e-04
1.354003962382596899e-04
1.337643796030416293e-04
9.136931005926389362e-05
1.307582685567633591e-04
1.136055843212951738e-04
9.801771137345162074e-05
8.397536178882262288e-05
1.064219949971818044e-04
8.191817961534074584e-05
1.051296829254406339e-04
1.243358093361207942e-04
1.098042725407856831e-04
1.106975167612358406e-04
1.359578646345114758e-04
1.363524461501541048e-04
1.253215879475848933e-04
1.064607762289058258e-04
1.132225100067048312e-04
1.090533229444190375e-04
1.353011893377873082e-04
1.252454219650926258e-04
1.259139809751223804e-04
1.067915800376796859e-04
1.277397695105264303e-04
1.098728126062606495e-04
1.142518611787735571e-04
1.056803406274613546e-04
1.063278168468667178e-04
1.348845903563682743e-04
1.179039210328441213e-04
7.043282197485128124e-05
1.361144631838820688e-04
1.136947930375609936e-04
8.819750754940735150e-05
1.068570344581638853e-04
1.267718369719948539e-04
1.063375116066928911e-04
1.218416433614619116e-04
1.261553948129151635e-04
1.193019500368142343e-04
1.070149056577339225e-04
1.337839862585014385e-04
1.270054370429029742e-04
1.066080031522331333e-04
1.321271588061806120e-04
1.207258231817024161e-04
1.355945815943839026e-04
1.202148586080046118e-04
1.075052850454638712e-04
1.066550062160613854e-04
1.063873773150948954e-04
1.060121983053259099e-04
1.090230509472302700e-04
9.076277026493971784e-05
7.190145281562625103e-05
1.330234222644286000e-04
1.200580646062225204e-04
9.981327157280733429e-05
1.072066455841885009e-04
1.164356792430332578e-04
1.162487673848612243e-04
7.543096643724277498e-05
1.026681153092304802e-04
1.065567240798541952e-04
9.361374195714645117e-05
7.768322678800736788e-05
1.066991935091616054e-04
1.363760794601132499e-04
1.089652326392618427e-04
1.318807210250524801e-04
1.035964773134560147e-04
1.192217848647992402e-04
1.063451457652160180e-04
1.071397982762527636e-04
1.160825468978734685e-04
9.039839153501832590e-05
1.022604554897818785e-04
1.244443499291280220e-04
1.201353736296031959e-04
1.141534521183174239e-04
1.065618095505322673e-04
1.107848272528459254e-04
1.065419658103835003e-04
8.270559359752299809e-05
1.061939373519855316e-04
9.477585068316946840e-05
1.358757332856126872e-04
1.295217004055800058e-04
1.091859312604508261e-04
1.282500621683018652e-04
1.072212843490555410e-04
1.241800050551050911e-04
1.186132866608760914e-04
1.367285669657660526e-04
1.294247145564341231e-04
1.363868285427246414e-04
1.069843951963502312e-04
1.323344904154442404e-04
7.428750990567539747e-05
1.076011345972988710e-04
1.274834632812160554e-04
1.263487078112482018e-04
1.068039589016379979e-04
1.206831676047882259e-04
1.131935698230564279e-04
1.068833281307858616e-04
1.187228302291664408e-04
1.354987553737463369e-04
1.356667769661718188e-04
1.139015625879154415e-04
1.104699172997854352e-04
1.244869510741266944e-04
1.133646565921041536e-04
1.201886196453314599e-04
8.352667184344334536e-05
1.058806241891145758e-04
8.270729326416901802e-05
7.616649637148619314e-05
1.203055111528994340e-04
1.060360200310866112e-04
8.266629142507609881e-05
1.154392298177397801e-04
6.319344990928326658e-05
1.063133541442260670e-04
1.169524469041242632e-04
1.083179884073228258e-04
1.065682566916250143e-04
1.052069669985077115e-04
1.228257730508735494e-04
1.001399403301032502e-04
1.170587849957075051e-04
1.059968912737001539e-04
7.702298812630580394e-05
1.218931271401508040e-04
1.101523320172689282e-04
8.226774518873387031e-05
1.359998196437887507e-04
1.356562635595327901e-04
1.069762035741547940e-04
1.068612363128963809e-04
1.331108106312597135e-04
1.037735072181340275e-04
1.191445761379470255e-04
9.597323458963187006e-05
1.158594476575243340e-04
1.093738968483682597e-04
1.235277923778236317e-04
1.029459775860227231e-04
1.268743476209188313e-04
1.055114815842358008e-04
1.072393964949784997e-04
1.114138623321466468e-04
1.209328956995840286e-04
1.065879502498825120e-04
1.354758691102614333e-04
1.235036601875201165e-04
1.211341371921900180e-04
1.355417933718665302e-04
1.063230199244351808e-04
1.095824351885448097e-04
1.252233219314870195e-04
1.357651544239238015e-04
1.337197374482457777e-04
6.405290703578769471e-05
1.363818537998682970e-04
6.769931712666584628e-05
1.064046800325759248e-04
9.628357844322691067e-05
1.129495780442421843e-04
1.121256087836181497e-04
1.294666781061720273e-04
1.062368785032622326e-04
1.354628633197094611e-04
8.671832516953351686e-05
1.178793526656187818e-04
1.325947020101354455e-04
1.360652843463530421e-04
1.302081220260291306e-04
1.026385060514360280e-04
1.154804938260489672e-04
1.341233048479909700e-04
1.000975979102938676e-04
1.363111534671033272e-04
1.064778739829661078e-04
1.065622868863000492e-04
1.091026573944915045e-04
1.149280374866740379e-04
1.338926580126973743e-04
1.041660107148346780e-04
1.066194757152483523e-04
1.100935184834067528e-04
1.265937108840904299e-04
1.277185965159754490e-04
1.105386884787589797e-04
1.363588665212857125e-04
9.553172815946744598e-05
1.245014665974615207e-04
1.270514923377235011e-04
6.967013194243743305e-05
1.031841318455951987e-04
1.065936788422649400e-04
1.071191725806649845e-04
1.216165133057612680e-04
1.047482582668669252e-04
1.059048930032332846e-04
1.061958213523649146e-04
1.363748395240909847e-04
1.140297087005665363e-04
1.353458894428700087e-04
1.140705740220308059e-04
1.360911344389875797e-04
1.363647811037555803e-04
1.064189253725616281e-04
1.274005652634160510e-04
1.253346053389306773e-04
1.072926257079500408e-04
1.059372156078098708e-04
1.183775345886582209e-04
5.770921766438890608e-05
1.047857975204161287e-04
1.294612394215417144e-04
1.072033780634161683e-04
1.066030384561882078e-04
1.090962246289943607e-04
1.150986555305483428e-04
1.242439149277915246e-04
1.330082159672360900e-04
1.309763429530986600e-04
9.946359012660531689e-05
1.066479967490792537e-04
1.067595618198739473e-04
1.062178282569763670e-04
7.312760843618628694e-05
1.361696723691877551e-04
1.359813121068866113e-04
1.352324256324076240e-04
1.067154757505604448e-04
1.138427188465130616e-04
1.064525909339619232e-04
1.068369208959902064e-04
1.067168558771904762e-04
1.323977187450121559e-04
1.073689211521182527e-04
8.551688119108887356e-05
1.126956462171703553e-04
1.085660335594115333e-04
1.144580728630778971e-04
1.059800204635683518e-04
1.205084314811437346e-04
1.143165909151430784e-04
1.294078191265227986e-04
1.063859755655964241e-04
1.160488482107079809e-04
1.135670450467418007e-04
1.191452021076758221e-04
1.339562949797348280e-04
4.472937361562662098e-05
1.018157520067891560e-04
5.365911826831713241e-05
1.346574560754048406e-04
1.341563489535826036e-04
8.264433441714428934e-05
1.040090148968094937e-04
7.108000025473980949e-05
1.244135656861545787e-04
7.890564973178232366e-05
1.224582216326341869e-04
1.347318146363923820e-04
1.120657333683749984e-04
9.746643159916052281e-05
1.162319914166582205e-04
1.342336038790025625e-04
1.066883936341920337e-04
1.166023856898037227e-04
1.060471807395264366e-04
1.073860739358709396e-04
8.063312038831114861e-05
8.669093126438098384e-05
7.511547416756735387e-05
1.056941675969895174e-04
1.333217474021247749e-04
1.109982906573626091e-04
1.364289294130047712e-04
1.060372252484116260e-04
1.104210033560092016e-04
8.620944708300001672e-05
1.294945226038426512e-04
1.169289871330437793e-04
1.039765714978628904e-04
1.056424301050694283e-04
1.068626581254901345e-04
6.864979189913368292e-05
1.262008938769870823e-04
1.190509541549578099e-04
1.274163403455950104e-04
1.024839162495381020e-04
1.142261061899161408e-04
1.270395869657593778e-04
1.266534073425663973e-04
1.281688187513695283e-04
1.358986703823778029e-04
1.066126056485927485e-04
1.361350505712159535e-04
1.171517497777200439e-04
1.233004927383019175e-04
7.049653574826883864e-05
1.062074597602649559e-04
1.242677938194783663e-04
1.064064156211046549e-04
1.330926900646157659e-04
1.301882048268141953e-04
1.266181016314215941e-04
1.350187859390805406e-04
1.063670155779752907e-04
1.180699050175244201e-04
1.114148654179585555e-04
1.355302487011326301e-04
1.235943707417814954e-04
1.211471508034484207e-04
1.148741921118322050e-04
1.056972655217375463e-04
1.103474719283466541e-04
1.134705768703482255e-04
1.059036843192492217e-04
7.021070939756597921e-05
1.270201187684994707e-04
1.216105278838914210e-04
1.067475662542469828e-04
1.351046235827070769e-04
1.247266514610076145e-04
1.306191086701205409e-04
1.362883418041579281e-04
8.846640712184349704e-05
1.361862563429541608e-04
1.332970407806517450e-04
1.313075522396636068e-04
1.106096315092382242e-04
9.619257455416034184e-05
1.066976606754496091e-04
1.110279417880982516e-04
1.076103447964535360e-04
1.085489746862499148e-04
1.219431141900411927e-04
1.068728538674199692e-04
1.275165191593164381e-04
1.363923400943020767e-04
1.355664609105941109e-04
1.137740782171351871e-04
1.228755843627553606e-04
1.274313450704978447e-04
1.343024941173065489e-04
1.316397552973517799e-04
1.067629076077183432e-04
1.068885669736926693e-04
1.113259592165781784e-04
8.952659938162081622e-05
1.065168411771453080e-04
1.215366117308904945e-04
1.249347892520590736e-04
1.091653686215834148e-04
1.348852279875509101e-04
1.067389324831495004e-04
1.108205636849970212e-04
1.110197386390576215e-04
6.291101236978715520e-05
1.062299992800793536e-04
1.148383898144748623e-04
1.311126831087907393e-04
1.186485889824688415e-04
1.070893439760908469e-04
1.138973392240013574e-04
1.253692217438831145e-04
1.106240840732231452e-04
1.065982326874998951e-04
1.164844330587668300e-04
1.168172390559144713e-04
1.065777892669139438e-04
1.160733452786537974e-04
9.065293087876052068e-05
1.064275421240550143e-04
1.161937162479447064e-04
1.364255711067130505e-04
1.360316135271995297e-04
1.065577541373420004e-04
1.118064605131403909e-04
1.276432971121930408e-04
1.273999250440160144e-04
1.331730711868845329e-04
1.023659272992407575e-04
1.071055751169667304e-04
8.002529786710753270e-05
1.180869969068438531e-04
1.101459345378500701e-04
1.079013541108771320e-04
1.343865494923782589e-04
1.004330065149537567e-04
1.077759511505650518e-04
1.037894852357921718e-04
1.338546256970959785e-04
8.432412206544812310e-05
1.066310281495824535e-04
1.306851080287244884e-04
1.343882551191622203e-04
1.114321514768967672e-04
1.250888306540473148e-04
1.360183161938583254e-04
1.061298462740589541e-04
1.321281894690771118e-04
1.176450632556226799e-04
1.346329507912160848e-04
1.359111068655627114e-04
1.062976700654663312e-04
1.322659849276103716e-04
1.336097731260215099e-04
1.074060518270152759e-04
1.091742987190020306e-04
1.066539074940920089e-04
1.261951602481724863e-04
7.612139093282603998e-05
1.236774509237909979e-04
1.234032162942514277e-04
1.344418480610652569e-04
1.324853923805408224e-04
1.364170242031497978e-04
1.063888737752029202e-04
1.065688796007566928e-04
1.262566920390614648e-04
1.307491366478390042e-04
1.263217934950733171e-04
1.061752819261393814e-04
1.063515864845813845e-04
1.212928467958713147e-04
1.123199297322178424e-04
1.256274902798563812e-04
1.061478095052252206e-04
7.375368743901661013e-05
5.153336002405453718e-05
1.194107047566119796e-04
1.057305610706398241e-04
1.302760605570769828e-04
1.060463838695323193e-04
1.289943598071320921e-04
1.255052917580694034e-04
9.819267548302241947e-05
1.087445904289815996e-04
1.105805052445788558e-04
1.365831850978388743e-04
1.070967434207694763e-04
1.364434243979699272e-04
1.358272340315512853e-04
1.037641015892000154e-04
1.194700787942161397e-04
1.050428660855010749e-04
1.081690958865575650e-04
1.257647738945877065e-04
1.055449860132283456e-04
1.065544144696391074e-04
1.353170430952053613e-04
1.174617090442695385e-04
1.060499861180399411e-04
1.144114957193559579e-04
1.188794111939200303e-04
1.192259848839631191e-04
9.696693474810275288e-05
1.143546840607028949e-04
1.073651444827378393e-04
1.296480390251460461e-04
1.176044041097123484e-04
1.128806829942479535e-04
1.072326764215260293e-04
1.319442149560211860e-04
1.275537398989264460e-04
1.364468286932189463e-04
6.428631692230112017e-05
1.254485823978328501e-04
1.252117892223455348e-04
1.059190871151930162e-04
9.955487082733174267e-05
1.238130253454719932e-04
1.065259968289867734e-04
1.135099213269298146e-04
1.352656105508583790e-04
1.066434139652806899e-04
1.080178948082330631e-04
9.997523033565284471e-05
1.211130197126060091e-04
1.227269840166366778e-04
1.238841543456432220e-04
1.360003828428563198e-04
5.972686903724615378e-05
1.360854391468485061e-04
1.092821278655684632e-04
1.359612419896640196e-04
1.364373873980658240e-04
1.067263908943777873e-04
1.061065707046038043e-04
1.246657525480331259e-04
1.069200071307715045e-04
1.291126138177653264e-04
1.068081722105825162e-04
1.231673237414184201e-04
1.078508882104474990e-04
1.063660140040404041e-04
1.059347545383050929e-04
1.063205446388126044e-04
1.071023413048679456e-04
1.161950421270057494e-04
1.065397393568268651e-04
1.317234612835600273e-04
7.538195907525546767e-05
9.380373409452721412e-05
1.072349410180692636e-04
1.075431524127799576e-04
1.041678118419832951e-04
1.086047572816487987e-04
9.055141391424701466e-05
1.245216566429817383e-04
6.191900702021844647e-05
1.363481231016998980e-04
1.052652050024907750e-04
1.353923634168395030e-04
1.193977984070424605e-04
1.085035113651092208e-04
1.084722998922627572e-04
1.069796089470603995e-04
1.340378703047317283e-04
1.282918857725690032e-04
1.359153105427055529e-04
1.061226860138553258e-04
1.145573790684770551e-04
1.081794225473021564e-04
1.317225180517626990e-04
1.353437202169516782e-04
1.252940011487643486e-04
1.363883077105915273e-04
1.057131279535665204e-04
1.068407582857214321e-04
1.069024582168112832e-04
1.010514084487956109e-04
1.362054781324146299e-04
1.109902093229786887e-04
1.326068550800602356e-04
1.328087882054909945e-04
1.068912697224665061e-04
1.065227680467413534e-04
1.102938256202100527e-04
1.066254449468756390e-04
1.301103872806295351e-04
1.091423826046086191e-04
1.364030841546925478e-04
8.182236147370587046e-05
1.320377041838371600e-04
1.354477908790315552e-04
1.122649509242095681e-04
7.244619339511855418e-05
1.248370945787699300e-04
1.095262824903827243e-04
1.338782598010211449e-04
1.183028760633702105e-04
1.328107149180422439e-04
1.353434082873748105e-04
6.439683763843547252e-05
1.275514287907822310e-04
1.359371455465025673e-04
1.071101049121724513e-04
1.150135232779592984e-04
1.355078275443169424e-04
1.212438000653422556e-04
1.072008825520629014e-04
7.030773613686743548e-05
1.323056434825030825e-04
1.063779678658093638e-04
1.364981236757026881e-04
1.210637390116701940e-04
9.948851871083938417e-05
6.600351787887521191e-05
1.062999380541929773e-04
1.065511268678760715e-04
1.355597505590767980e-04
1.086390065710122224e-04
1.062125801575399345e-04
1.191734160333570081e-04
1.369032496025165393e-04
1.063635331459206521e-04
1.362341666374841632e-04
4.762561947144487631e-05
8.636263517671639693e-05
1.357060338536244170e-04
9.038645834241133196e-05
1.333605092662957842e-04
1.338637106148031009e-04
1.057108849893652000e-04
1.231089720345448157e-04
1.061643030829549145e-04
1.179541508601868535e-04
1.167748939594646446e-04
1.252907195384558240e-04
7.930428636073964387e-05
1.358172541936897965e-04
1.066510717885615380e-04
1.332386337588153523e-04
1.151278193955502420e-04
1.042677234497934083e-04
1.071357872682987392e-04
1.355062856318424783e-04
1.210911196538845075e-04
1.045242479062520358e-04
1.291405860925991765e-04
1.147221515456868919e-04
1.224049860845161813e-04
1.067166123705108935e-04
9.434970805725878095e-05
1.090308267119207135e-04
1.276553330192791011e-04
1.060206970780401927e-04
1.349750422366257513e-04
1.244213397942279587e-04
1.068694811200050516e-04
9.240596850085473052e-05
7.260447297544129477e-05
1.078467839298118228e-04
1.065510449170351827e-04
1.349263706808196729e-04
1.362095516761556956e-04
1.333420453142167327e-04
1.180328215574029025e-04
9.520746906930442003e-05
1.063746991576409160e-04
1.070489370428514701e-04
6.395670633011468602e-05
1.288331221579248529e-04
1.350752047507604173e-04
1.081897946754132190e-04
8.913993829124847819e-05
1.347683548113274893e-04
1.068130040127672595e-04
1.336804876522728453e-04
6.764296164065953197e-05
1.216375844574326743e-04
1.231307924606364406e-04
1.339256624132926100e-04
1.337934801418434099e-04
1.358530266697001009e-04
1.323283509661988904e-04
1.069104955635995875e-04
1.068079913306132020e-04
1.066126928606081221e-04
1.352527397686903552e-04
1.072166781849797842e-04
1.070064780895597337e-04
1.359275377032900030e-04
1.089957291650601144e-04
1.060027960585752251e-04
1.273820811844243847e-04
1.041814087956696353e-04
1.105551499165357432e-04
1.059127283998282179e-04
1.062709326628531411e-04
1.065260125196129399e-04
8.403292842781749314e-05
6.363902063468534467e-05
1.322363063422927457e-04
1.356882686865093133e-04
1.363066190913971444e-04
6.508593914870913582e-05
1.364385056708817244e-04
1.379088721162385011e-04
1.203783623985281702e-04
1.069598231277234696e-04
1.242799113596345219e-04
1.066488304504503763e-04
1.066046751247995823e-04
1.184771223953012348e-04
1.145797492464831088e-04
1.130112043546836666e-04
1.059832303448510947e-04
1.066886513706742417e-04
