-2.544258971769646827e-04
-2.555248727760162011e-04
-2.587697505950927552e-04
-2.563369274139404232e-04
-2.629054702727900744e-04
-2.645587434574049298e-04
-2.658066608138003766e-04
-2.641462004233780230e-04
-2.563703060150146658e-04
-2.634405611030547919e-04
-2.626414540447766384e-04
-2.659208351565945446e-04
-2.564470767974853425e-04
-2.598520742362761754e-04
-2.640060379973843793e-04
-2.587181497290431411e-04
-2.568159103393554657e-04
0.000000000000000000e+00
-2.612856975999701837e-04
-2.539560794830322495e-04
-2.561116218566894618e-04
-2.622073215823019442e-04
-2.572822570800780990e-04
-2.594116714692885103e-04
-2.667562233354257200e-04
-2.554559707641601649e-04
-2.617804879644309917e-04
-2.544128894805908290e-04
-2.660380757373312453e-04
-2.662936846415202004e-04
-2.588806860896957049e-04
-2.577319202652896750e-04
-2.640854628359685019e-04
-2.663500847355012181e-04
-2.578773498535156215e-04
-2.541952133178710998e-04
-2.616777420043945408e-04
-2.557271455665189892e-04
-2.572295665740966528e-04
-2.575191149271156745e-04
-2.593338250156387512e-04
-2.534339226872088209e-04
-2.610171176343557592e-04
-2.589981555938720720e-04
-2.571691470931332640e-04
-2.582379613056719203e-04
-2.550585269927978260e-04
-2.662883355067326347e-04
-2.585513591766357383e-04
-2.635099627228400742e-04
-2.537593841552734496e-04
-2.537808418273925708e-04
-2.558396523257335789e-04
-2.534120082855224475e-04
-2.578559170765091645e-04
-2.550823688507080148e-04
-2.616420388221740723e-04
-2.602570985694486767e-04
-2.658577356937426740e-04
-2.542176246643066588e-04
-2.681103670541109618e-04
-2.603396833182338669e-04
-2.631452791860413123e-04
-2.634336191966351920e-04
-2.540101009200375608e-04
-2.597615718841552747e-04
-2.535400390624999948e-04
-2.642570729236526318e-04
-2.632485814841396994e-04
-2.583710544080619555e-04
-2.595073726761293440e-04
-2.634955510016410529e-04
-2.515058517456054813e-04
-2.571768071278031972e-04
-2.558882236480712678e-04
-2.582743464703540488e-04
-2.716889186781280005e-04
-2.558588981628418186e-04
-2.602853449472940553e-04
-2.591276168823241949e-04
-2.595097664369636981e-04
-2.675937146556620658e-04
-2.609395980834961024e-04
-2.649448178557732071e-04
-2.535197734832763533e-04
-2.587049007415771458e-04
-2.556641896565755028e-04
-2.623949050903320499e-04
-2.592325210571288954e-04
-2.609240003378994650e-04
-2.532362937927246311e-04
-2.547709941864013646e-04
-2.639815510516186074e-04
-2.566163539886474605e-04
-2.602172955389945685e-04
-2.563576698303222565e-04
-2.551245689392089692e-04
-2.654911048950687287e-04
-2.647823046061618273e-04
-2.736570835113525226e-04
-2.566778659820556727e-04
-2.607020987085549189e-04
-2.589626312255859119e-04
-2.592091100761689283e-04
-2.586027704568273264e-04
-2.601599693298339974e-04
-2.585890293121338160e-04
-2.556065000204675954e-04
-2.593598365783691549e-04
-2.580519660888426861e-04
-2.551105022430419844e-04
-2.631291328185054556e-04
-2.540652751922607309e-04
-2.581253051757812379e-04
-2.573945522308349358e-04
-2.600359916687011892e-04
-2.542724609375000226e-04
-2.541017532348632747e-04
-2.641660025996020976e-04
-2.566039562225342014e-04
-2.589788436889648685e-04
-2.660371603504304173e-04
-2.550594806671142639e-04
-2.647939993410694613e-04
-2.595674991607665842e-04
-2.606439688974175562e-04
-2.556853294372558654e-04
-2.610281289341937882e-04
-2.571628093719482218e-04
-2.586033344268798967e-04
-2.550902366638183429e-04
-2.570750713348388615e-04
-2.534883022308349865e-04
-2.619717870989153445e-04
-2.602829933166503676e-04
-2.579281330108642461e-04
-2.655237913131713867e-04
-2.541139125823974380e-04
-2.558219432830810287e-04
-2.655754486719767325e-04
-2.692120415823800192e-04
-2.657568201105645501e-04
-2.585613727569579840e-04
-2.630700667699177879e-04
-2.554137706756591563e-04
-2.589836178055728781e-04
-2.527406215667724401e-04
-2.523718110050063562e-04
-2.574598789215087912e-04
-2.520420551300049010e-04
-2.569148540496826055e-04
-2.573158740997314375e-04
-2.547285556793213142e-04
-2.593719959259033181e-04
-2.598269397475154300e-04
-2.627783892106036576e-04
-2.577502727508545121e-04
-2.587676048278808377e-04
-2.556176185607909965e-04
-2.579040736316209718e-04
-2.696521518644222413e-04
-2.622903609762386305e-04
-2.543718814849853542e-04
-2.571136951446533229e-04
-2.623640122960825658e-04
-2.572679519653320182e-04
-2.598023414611816536e-04
-2.602179050445556623e-04
-2.545821666717529470e-04
-2.582046880300744251e-04
-2.616098330866906108e-04
-2.581597335876956818e-04
-2.539646194641848867e-04
-2.582865546506092820e-04
-2.552206516265869037e-04
-2.614684104919433858e-04
-2.661506014485513273e-04
-2.611856306752850950e-04
-2.553727626800537357e-04
-2.594482898712158030e-04
-2.505869865417480495e-04
-2.609842676457350768e-04
-2.565906047821045043e-04
-2.605640888214111306e-04
-2.654810105600664675e-04
-2.635676636655106555e-04
-2.594535350799560759e-04
-2.557692527770995825e-04
-2.551925182342529340e-04
-2.625570239790950906e-04
-2.520549297332763520e-04
-2.540357112884521315e-04
-2.573446097622913401e-04
-2.565388679504394418e-04
-2.570846080780029154e-04
-2.657689831473610421e-04
-2.674946344521150960e-04
-2.571318044241173938e-04
-2.559906986343812971e-04
-2.692459098785277612e-04
-2.594250273034275620e-04
-2.668807821825516314e-04
-2.557289600372314496e-04
-2.632416211641751594e-04
-2.619700738225117301e-04
-2.599068913593828578e-04
-2.629563808441162339e-04
-2.549793346818671398e-04
-2.589522595386428662e-04
-2.576534748077392357e-04
-2.628695674058867545e-04
-2.594676017761230608e-04
-2.592947483062743954e-04
-2.596755417025818895e-04
-2.561573982238769635e-04
-2.550990581512451089e-04
-2.647080884771308416e-04
-2.589783515317372990e-04
-2.584564685821533377e-04
-2.572894096374511936e-04
-2.604572772979736085e-04
-2.665490312961185139e-04
-2.569193840026855365e-04
-2.584043276836594507e-04
-2.547154426574707131e-04
-2.580626010894775460e-04
-2.558078765869140439e-04
-2.543026184939955266e-04
-2.552702426910400486e-04
-2.590138235209900569e-04
-2.644340838155438841e-04
-2.587568759918213042e-04
-2.551486492156982539e-04
-2.594792842864990321e-04
-2.656635296702896374e-04
-2.560716077505824123e-04
-2.586641311645507669e-04
-2.605330944061279557e-04
-2.553129196166991949e-04
-2.569177150726318108e-04
-2.544629573822021658e-04
-2.557294368743896415e-04
-2.628266811370849609e-04
-2.555651664733886463e-04
-2.592763900756835755e-04
-2.613342909449075453e-04
-2.563984394073486354e-04
-2.617055632503157347e-04
-2.570817470550537101e-04
-2.630127158984213497e-04
-2.556122450464700453e-04
-2.576231956481933485e-04
-2.635098420656644173e-04
-2.531383037567138750e-04
-2.634415372473294698e-04
-2.562735080718993893e-04
-2.573635578155517608e-04
-2.646249148153489409e-04
-2.639913142508294470e-04
-2.650118257147241353e-04
-2.533464431762695503e-04
-2.585704326629638459e-04
-2.602522373199462886e-04
-2.594316005706787088e-04
-2.653933152919862567e-04
-2.636022865772247206e-04
-2.556014731227154789e-04
-2.554404735565185504e-04
-2.569596767425537235e-04
-2.609310362503113457e-04
-2.634554182380306384e-04
-2.532157897949218936e-04
-2.539579169338486951e-04
-2.599880398516674356e-04
-2.578437088962539855e-04
-2.611005306243896463e-04
-2.576429843902587982e-04
-2.579483162447151795e-04
-2.554535865783691515e-04
-2.521343231201171923e-04
-2.628203298224777410e-04
-2.587949894518258814e-04
-2.594063282012939444e-04
-2.534558773040771276e-04
-2.596011161804199227e-04
-2.588362693786620903e-04
-2.576344013214111280e-04
-2.552487850189208733e-04
-2.566769123077392348e-04
-2.567815780639648394e-04
-2.682256890109265208e-04
-2.578063011169433555e-04
-2.535412311553955286e-04
-2.618378955825620565e-04
-2.706534862518310486e-04
-2.645140717386716797e-04
-2.547161579132080009e-04
-2.630721613106478817e-04
-2.571115493774414054e-04
-2.577955722808837678e-04
-2.631773183375229184e-04
-2.547979354858398546e-04
-2.618487772902822327e-04
-2.672223334616803171e-04
-2.564978599548339670e-04
-2.529027462005615178e-04
-2.610532634229545336e-04
-2.549853324890136966e-04
-2.573187351226806428e-04
-2.596210763157610836e-04
-2.675390047300990311e-04
-2.613318971840731912e-04
-2.610824673051335997e-04
-2.574245929718017812e-04
-2.598891258239746302e-04
-2.608171874477017223e-04
-2.553470163460237166e-04
-2.551214694976806680e-04
-2.657153520239405146e-04
-2.523968219757079853e-04
-2.578568458557128841e-04
-2.588863372802734271e-04
-2.567102631411878220e-04
-2.679591276207748561e-04
-2.565011978149414184e-04
-2.610229196087006810e-04
-2.602972984313965026e-04
-2.600011825561523169e-04
-2.560146362427247841e-04
-2.645822281533099065e-04
-2.653221199415388160e-04
-2.574861049652099393e-04
-2.630630650194773360e-04
-2.641224764226898086e-04
-2.563033237993477833e-04
-2.595050334930419883e-04
-2.565381526947021541e-04
-2.559740543365478607e-04
-2.588064795038307270e-04
-2.570379689994107121e-04
-2.696465178964218873e-04
-2.590582370758056545e-04
-2.535287127551804406e-04
-2.555015087127685707e-04
-2.590918157952856304e-04
-2.578451633453369128e-04
-2.564988136291504049e-04
-2.632969226993498086e-04
-2.548313140869140430e-04
-2.675081501487924481e-04
-2.551255226135254071e-04
-2.594946857437072400e-04
-2.594173672687576288e-04
-2.549101549937543326e-04
-2.560416857401530129e-04
-2.588768005371093733e-04
-2.565448284149170026e-04
-2.583078591220350066e-04
-2.625730621766852362e-04
-2.539918422698974514e-04
-2.624372805445647602e-04
-2.521108910740618649e-04
-2.574324607849121094e-04
-2.594537524334398115e-04
-2.538876533508300929e-04
-2.590732574462890772e-04
-2.581787109375000260e-04
-2.534942626953124931e-04
-2.557833194732666215e-04
-2.664920933749697664e-04
-2.717328370864421070e-04
-2.568941039732661104e-04
-2.617979049682617057e-04
-2.651186580331916349e-04
-2.574449083412507508e-04
-2.651480065674340861e-04
-2.638140345007423428e-04
-2.698035240173339653e-04
-2.555913925170898485e-04
-2.670613730826029209e-04
-2.615735057956916501e-04
-2.676640238080706178e-04
-2.576410770416259766e-04
-2.586499275452640756e-04
-2.577977486882343863e-04
-2.534258365631103364e-04
-2.542343139648437530e-04
-2.586312294006347704e-04
-2.572841644287109206e-04
-2.553770542144775165e-04
-2.651702926819583242e-04
-2.688623724445219753e-04
-2.679036835492667763e-04
-2.584483728830115124e-04
-2.656631892727267445e-04
-2.615538335615588965e-04
-2.568914708363483480e-04
-2.526528835296630799e-04
-2.586898803710937231e-04
-2.536909580230712930e-04
-2.558403704539839122e-04
-2.527401447296142483e-04
-2.583105564117431623e-04
-2.477478981018066666e-04
-2.551226615905761476e-04
-2.564032077789306623e-04
-2.566134929656982552e-04
-2.544336318969726623e-04
-2.649137973785400165e-04
-2.710343916204911024e-04
-2.633361931306770062e-04
-2.581982612609863255e-04
-2.533619403839111107e-04
-2.540562152862548689e-04
-2.569806575775146528e-04
-2.553813457489013516e-04
-2.555863857269287257e-04
-2.596046924591064700e-04
-2.647727356906748623e-04
-2.581689357757568221e-04
-2.577016353607177509e-04
-2.590295780135924773e-04
-2.568082809448242335e-04
-2.626288368041256602e-04
-2.625637054443359219e-04
-2.558350563049316298e-04
-2.627086735540820899e-04
-2.581979854997382335e-04
-2.564291954040527144e-04
-2.631262603055042307e-04
-2.564058303833007717e-04
-2.616355419158935321e-04
-2.581364658462953596e-04
-2.649591629763683445e-04
-2.579756051182268166e-04
-2.517521381378173720e-04
-2.577465222063792080e-04
-2.667157017454808944e-04
-2.683787585393478678e-04
-2.577195167541503789e-04
-2.578752040863037040e-04
-2.595214958650520062e-04
-2.550408840179443481e-04
-2.569589614868163815e-04
-2.577152252197265439e-04
-2.542686462402343793e-04
-2.683371913676359331e-04
-2.653056043919508971e-04
-2.657303810119629114e-04
-2.655660112698872703e-04
-2.554291223426420360e-04
-2.551312446594238177e-04
-2.647242585166556007e-04
-2.556211948394775438e-04
-2.615547082463248654e-04
-2.537903785705566246e-04
-2.623331546783447417e-04
-2.574305457762446261e-04
-2.570500373840331932e-04
-2.545175552368163794e-04
-2.563550290333698324e-04
-2.539916038513183555e-04
-2.577486038208007865e-04
-2.582437992095947313e-04
-3.130292892456054818e-04
-2.586009502410888832e-04
-2.587990588452442563e-04
-2.533018589019775282e-04
-2.555811405181884527e-04
-2.545843124389648646e-04
-2.582790851593017413e-04
-2.640166282653808559e-04
-2.685770612632112334e-04
-2.582836151123046723e-04
-2.550588075415676425e-04
-2.630630650194773360e-04
-2.546310424804687500e-04
-2.674120583685275342e-04
-2.543883323669433524e-04
-2.642075220743815285e-04
-2.569279670715332066e-04
-2.519323825836181736e-04
-2.662537088355865136e-04
-2.569539546966552587e-04
-2.539670467376708789e-04
-2.583851775969846177e-04
-2.574560642242431480e-04
-2.657686991076315341e-04
-2.605321407318115178e-04
-2.643088659932536603e-04
-2.591974735260009813e-04
-2.572553157806396632e-04
-2.596454926762714957e-04
-2.739841029757545082e-04
-2.560586929321289197e-04
-2.719008289607225434e-04
-2.625276887319921487e-04
-2.612668660379225435e-04
-2.574374675750732322e-04
-2.656134121726004050e-04
-2.647258126686629926e-04
-2.572424411773681580e-04
-2.606288204348184432e-04
-2.588593816182699803e-04
-2.570672035217285334e-04
-2.658968029717202058e-04
-2.572631835937499913e-04
-2.656179990728529863e-04
-2.657509138507227779e-04
-2.576398849487304427e-04
-2.535423600530049815e-04
-2.578010559082031367e-04
-2.562935352325439349e-04
-2.599085669919668786e-04
-2.584962844848632786e-04
-2.537746429443359141e-04
-2.558526992797851619e-04
-2.553048133850097708e-04
-2.574524879455566549e-04
-2.552044391632080013e-04
-2.543380260467529197e-04
-2.636015415191650391e-04
-2.562754154205322109e-04
-2.574434280395507930e-04
-2.542839050292968980e-04
-2.580948144077775978e-04
-2.575473785400390556e-04
-2.574713230133056667e-04
-2.618662225521676970e-04
-2.577083110809325994e-04
-2.572054862976074223e-04
-2.579882144927978286e-04
-2.658186901000238059e-04
-2.649926844938301873e-04
-2.553539582524433707e-04
-2.590044435248317319e-04
-2.550039291381836124e-04
-2.606740917067930027e-04
-2.565114498138427600e-04
-2.559037208557128824e-04
-2.547380924224853680e-04
-2.648784748969539764e-04
-2.596092224121094010e-04
-2.603843212127685751e-04
-2.599642276763915812e-04
-2.546205520629882583e-04
-2.663971997108780204e-04
-2.529172897338866945e-04
-2.653538211574399158e-04
-2.588765621185302773e-04
-2.614322973757373975e-04
-2.630202137694066756e-04
-2.562415599822998307e-04
-2.622521989713839474e-04
-2.537138462066650438e-04
-2.659880013829733140e-04
-2.545962333679199318e-04
-2.546002864837646710e-04
-2.565381526947021541e-04
-2.531352043151855738e-04
-2.554662227630615065e-04
-2.547478580091851771e-04
-2.546150684356689436e-04
-2.649893700066259582e-04
-2.557582644573655928e-04
-2.588002557256614605e-04
-2.593784332275390707e-04
-2.598841506314564665e-04
-2.664060897478774345e-04
-2.662761266841444808e-04
-2.610882123311360496e-04
-2.581733297631443589e-04
-2.667770898046572517e-04
-2.600646401983667134e-04
-2.676318673526539458e-04
-2.682819481818906845e-04
-2.552139232436337357e-04
-2.569487094879150399e-04
-2.548770904541015447e-04
-2.605702024865820879e-04
-2.654726246753371147e-04
-2.525935173034667852e-04
-2.632702390352884892e-04
-2.568128108978271645e-04
-2.601823806762695564e-04
-2.627925872802734306e-04
-2.675657491803668225e-04
-2.616809075137218601e-04
-2.571740150451660013e-04
-2.568333148956299019e-04
-2.618888693471108976e-04
-2.575857639312744210e-04
-2.522776126861572040e-04
-2.585580348968505868e-04
-2.562451362609863238e-04
-2.588462159336810055e-04
-2.630288935889882351e-04
-2.561702728271484145e-04
-2.598524093627929904e-04
-2.592661380767822339e-04
-2.580869149970242563e-04
-2.577121257781982426e-04
-2.557361125946044900e-04
-2.640567151418172728e-04
-2.561302185058593776e-04
-2.651274684936769425e-04
-2.584371566772460799e-04
-2.592241907694253322e-04
-2.526569366455078190e-04
-2.643146341846835316e-04
-2.599949817580870354e-04
-2.563717365264892413e-04
-2.596220338200948253e-04
-2.543411254882812752e-04
-2.548441886901855482e-04
-2.582859992980956858e-04
-2.555605398124480504e-04
-2.606301172542185721e-04
-2.545984873331215339e-04
-2.622803052266438621e-04
-2.528362540134870460e-04
-2.614992210663944633e-04
-2.592402289670155320e-04
-2.656541919312536471e-04
-2.669112953713269993e-04
-2.547335624694824371e-04
-2.667562615486883523e-04
-2.629344463348388668e-04
-2.624258995056152248e-04
-2.585327625274658225e-04
-2.641151508977336408e-04
-2.573225498199462860e-04
-2.602620124816894384e-04
-2.538871765136719010e-04
-2.613450628686621660e-04
-2.581126689910888828e-04
-2.560998541284277910e-04
-2.576103210449218976e-04
-2.542130947113037279e-04
-2.622989765611518243e-04
-2.548556327819824236e-04
-2.566924095153808494e-04
-2.594209579100091871e-04
-2.546660900115966641e-04
-2.593641281127929900e-04
-2.577025890350341888e-04
-2.605111598968505885e-04
-2.522149085998535122e-04
-2.598116196781756178e-04
-2.641892626217985087e-04
-2.574670314788818316e-04
-2.606987474433868231e-04
-2.626853295598164176e-04
-2.640091683253769110e-04
-2.660148027466564379e-04
-2.585353851318359319e-04
-2.628370939967144149e-04
-2.601995468139648424e-04
-2.583773136138915933e-04
-2.597512969051498938e-04
-2.600750923156738424e-04
-2.556244532267252785e-04
-2.556717395782470725e-04
-2.535684108734130604e-04
-2.689900497595468904e-04
-2.533168792724609509e-04
-2.617713916732604461e-04
-2.598667144775390712e-04
-2.536685466766357339e-04
-2.623965383058617725e-04
-2.563676834106445564e-04
-2.620280758152163342e-04
-2.546253204345703394e-04
-2.622434413097948628e-04
-2.580807209014892700e-04
-2.671523791987721473e-04
-2.571064305592732401e-04
-2.566681329505031894e-04
-2.616408430499794855e-04
-2.578282356262207226e-04
-2.571382522583007995e-04
-2.551743984222412101e-04
-2.580554485321045056e-04
-2.677964609722758627e-04
-2.555148601531982678e-04
-2.606282234191894523e-04
-2.993208816252559273e-04
-2.546696662902832114e-04
-2.540397835543835520e-04
-2.531092166900634675e-04
-2.559225559234618941e-04
-2.611791444517270024e-04
-2.611243290457165660e-04
-2.561106681823730239e-04
-2.550475597381591966e-04
-2.540431022644043220e-04
-2.583084106445312448e-04
-2.555961608886718754e-04
-2.561254501342773507e-04
-2.531120777130126728e-04
-2.621021347972545814e-04
-2.617939345298275116e-04
-2.603530883789062500e-04
-2.566204071044921996e-04
-2.555210590362548702e-04
-2.624854505301479294e-04
-2.553824440063721577e-04
-2.538506764484696845e-04
-2.647184755697668305e-04
-2.564773559570312296e-04
-2.547856794303679723e-04
-2.575988769531250221e-04
-2.583159979088718106e-04
-2.547559967960219812e-04
-2.586398124694824405e-04
-2.600605708049482843e-04
-2.574009895324706884e-04
-2.570949405072683403e-04
-2.629500795080958755e-04
-2.528333280938696147e-04
-2.561960220336914249e-04
-2.640686839459890434e-04
-2.590824801280316764e-04
-2.641866963551226205e-04
-2.586126327514648546e-04
-2.618160247802734297e-04
-2.546963691711425512e-04
-2.554495334625244123e-04
-2.561604976654052648e-04
-2.558140390848060168e-04
-2.565546686869548581e-04
-2.627859469584502652e-04
-2.647765304731286269e-04
-2.647302893974520419e-04
-2.580497264862060408e-04
-2.562680244445800747e-04
-2.574102878570556463e-04
-2.567442545450355964e-04
-2.568938732147216762e-04
-2.621226310729980529e-04
-2.633810527925568704e-04
-2.537176609039306870e-04
-2.537839412689208720e-04
-2.563253463990238412e-04
-2.548596466401494877e-04
-2.578890323638915929e-04
-2.603216171264648290e-04
-2.594267029360116370e-04
-2.611947636450490714e-04
-2.637962179799233976e-04
-2.519483566284179800e-04
-2.578837871551513741e-04
-2.619561649137927832e-04
-2.543909549713134618e-04
-2.573053520846079866e-04
-2.657165411512861508e-04
-2.579846382141113355e-04
-2.571642398834228516e-04
-2.560596389464106417e-04
-2.648974039468420623e-04
-2.601773863336647114e-04
-2.582039833068847903e-04
-2.568690776824951037e-04
-2.548196315765380716e-04
-2.556707859039306888e-04
-2.575061886186101622e-04
-2.583980560302734267e-04
-2.625772567210850404e-04
-2.590532762458525561e-04
-2.526121139526367010e-04
-2.670222729967351412e-04
-2.687551975250244106e-04
-2.552289962768554779e-04
-2.603957653045654505e-04
-2.562851312170066919e-04
-2.575964927673340087e-04
-2.624981403350830247e-04
-2.567049968673522429e-04
-2.554777156875793977e-04
-2.579729557037353641e-04
-2.554342746734618937e-04
-2.542660236358642700e-04
-2.570698261260986428e-04
-2.555634123254492754e-04
-2.585732936859131055e-04
-2.676195887676683272e-04
-2.590831982562819555e-04
-2.616679812052163478e-04
-2.652938590456017389e-04
-2.592217922210693620e-04
-2.579655647277832278e-04
-2.650088193465252053e-04
-2.576894760131835877e-04
-2.616083621978760004e-04
-2.680786194339875462e-04
-2.527227439728391015e-04
-2.536346912384032995e-04
-2.613757030073418446e-04
-2.547114728445029944e-04
-2.609257273345823866e-04
-2.648292518243557016e-04
-2.544309240747168535e-04
-2.632502571167237202e-04
-2.592622515666915899e-04
-2.572782039642334141e-04
-2.550840377807617404e-04
-2.593550682067871280e-04
-2.545743103486945843e-04
-2.561829176293797979e-04
-2.572605609893798819e-04
-2.547163963317870968e-04
-2.648490862768204299e-04
-2.644035497657683058e-04
-2.591969966888427895e-04
-2.627205178440813961e-04
-2.568042278289794944e-04
-2.598243066105976676e-04
-2.586918183598652457e-04
-2.667191612275309517e-04
-2.597324848175048672e-04
-2.582922996766117319e-04
-2.549190521240234574e-04
-2.526345252990722600e-04
-2.606587716374531363e-04
-2.584091152053281590e-04
-2.627234633375958553e-04
-2.579543590545654483e-04
-2.567596435546875265e-04
-2.596634458825291245e-04
-2.567792034532171666e-04
-2.584304196767538836e-04
-2.662155253828064720e-04
-2.573005645629392784e-04
-2.627578874429067229e-04
-2.555868625640869175e-04
-2.572960853576660421e-04
-2.581059932708740343e-04
-2.565081119537353628e-04
-2.717509805916782425e-04
-2.574172019958495907e-04
-2.660706043243408190e-04
-2.695536002134665604e-04
-2.547371387481689301e-04
-2.526447772979736558e-04
-2.625201600622460371e-04
-2.572972132977711826e-04
-2.543895244598388863e-04
-2.563365970749452785e-04
-2.583987712860107686e-04
-2.775082588195800664e-04
-2.562117576599121354e-04
-2.629469676190111880e-04
-2.580069633851568285e-04
-2.527503967285156441e-04
-2.553989887237548837e-04
-2.568500587739139945e-04
-2.628374295156509963e-04
-2.541787624359131016e-04
-2.610363960266113247e-04
-2.570822238922119019e-04
-2.575883865356445304e-04
-2.561051845550537092e-04
-2.597043791927965530e-04
-2.601351737976074249e-04
-2.545244693756103780e-04
-2.656571376018035217e-04
-2.553997039794921715e-04
-2.580304145812988372e-04
-2.543313503265380712e-04
-2.553339004516601784e-04
-2.542977333068847869e-04
-2.658393594526475248e-04
-2.579262256622314245e-04
-2.648835665328912290e-04
-2.654819953732374211e-04
-2.596938466451254490e-04
-2.718617916107177635e-04
-2.660340950137279046e-04
-2.594583034515381029e-04
-2.606410172677809420e-04
-2.572884559631347557e-04
-2.603397369384765530e-04
-2.559957504272460777e-04
-2.617537975311279297e-04
-2.609500885009765399e-04
-2.576821300399351092e-04
-2.550256252288818294e-04
-2.564976215362548711e-04
-2.524688243865966892e-04
-2.568881195711802522e-04
-2.684252262115478446e-04
-2.571176812351946774e-04
-6.979489326477050434e-05
-2.567031383514404371e-04
-2.536556720733642830e-04
-2.606374121481372656e-04
-2.527301311492920026e-04
-2.578501701354980356e-04
-2.668929970972070114e-04
-2.625299959766621530e-04
-2.540946006774902344e-04
-2.586984634399413932e-04
-2.611055374145507691e-04
-2.572546005249023212e-04
-2.652966832540121678e-04
-2.636705194750139773e-04
-2.542051924280373408e-04
-2.661330599180409553e-04
-2.626439174973821183e-04
-2.577252177349534834e-04
-2.606744766235351458e-04
-2.671831240088252827e-04
-2.583360671997070226e-04
-2.599011463333804079e-04
-2.534780502319335907e-04
-2.608832813078357520e-04
-2.667019444127236905e-04
-2.650054263286903016e-04
-2.562749385833740191e-04
-2.556629180908203064e-04
-2.541771854262754246e-04
-2.692587997602379911e-04
-2.675777011447482887e-04
-2.634530550582818540e-04
-2.579467296600341619e-04
-2.595626685514028972e-04
-2.546417713165283377e-04
-2.617857542382665166e-04
-2.547626993263581727e-04
-2.532646656036376966e-04
-2.523519992828369214e-04
-2.545154238321694728e-04
-2.620341777801513507e-04
-2.595531940460205035e-04
-2.542061499323710824e-04
-2.648561704354208219e-04
-2.558469772338866971e-04
-2.563414573669433542e-04
-2.614336320195332145e-04
-2.655668258666992040e-04
-2.529468536376952939e-04
-2.601112913988862393e-04
-2.631101048427072087e-04
-2.560519789117407085e-04
-2.636787891387939618e-04
-2.573373317718506128e-04
-2.611099955547286993e-04
-2.639015189936903425e-04
-2.589864730834961007e-04
-2.545080184936523255e-04
-2.549657821655273429e-04
-2.543606758117675747e-04
-2.607915401458740096e-04
-2.639558046094832777e-04
-2.551424503326415972e-04
-2.671894246498040149e-04
-2.594282627105713116e-04
-2.585847377777099809e-04
-2.674629331117699756e-04
-2.628076941736282946e-04
-2.578332424163818455e-04
-2.594489649117711033e-04
-2.563333511352539301e-04
-2.553745445956188162e-04
-2.565848827362060395e-04
-2.606781611002113776e-04
-2.663292382892809302e-04
-2.581014633178711033e-04
-2.590909004211425551e-04
-2.537391185760498082e-04
-2.569851875305175838e-04
-2.557013034820556719e-04
-2.640531799657558267e-04
-2.681196454059646601e-04
-2.652298973267337148e-04
-2.544462680816650174e-04
-2.589209079742431493e-04
-2.629761793175522324e-04
-2.574682235717773654e-04
-2.585413455963134926e-04
-2.585911750793456793e-04
-2.592005729675292826e-04
-2.568376112175753531e-04
-2.536280155181884510e-04
-2.538018226623535000e-04
-2.578206062316894362e-04
-2.559254169464111536e-04
-2.549989223480224354e-04
-2.660094937191733941e-04
-2.556416988372802812e-04
-2.559485435485840004e-04
-2.585663795471191610e-04
-2.679802397246001618e-04
-2.517259120941162239e-04
-2.618184089660644432e-04
-2.616865634918213068e-04
-2.633755900470384015e-04
-2.595579624176025304e-04
-2.599794223126637607e-04
-2.571566995367946225e-04
-2.615823745727538941e-04
-2.607614282638795792e-04
-2.599643416194073026e-04
-2.625502886310700657e-04
-2.579588890075683793e-04
-2.603333803915208159e-04
-2.595076120522127523e-04
-2.589306831359863533e-04
-2.538318634033202912e-04
-2.573447227478027491e-04
-2.638555822833891628e-04
-2.538111209869384579e-04
-2.533807754516601766e-04
-2.618338688310370616e-04
-2.623258098479240119e-04
-2.585728168487548594e-04
-2.665896958942654623e-04
-2.582244873046874735e-04
-2.618062834025394530e-04
-2.563846111297607465e-04
-2.653032140346920330e-04
-2.599779860561631482e-04
-2.663314342498779405e-04
-2.591097354888916211e-04
-2.598037719726562292e-04
-2.634735107421874918e-04
-2.653499444325764793e-04
-2.525613968630870945e-04
-2.631256580352782978e-04
-2.639706134796142582e-04
-2.564009892413893774e-04
-2.578291893005371063e-04
-2.590913370431187595e-04
-2.667521757464254794e-04
-2.605512142181396255e-04
-2.543225288391113051e-04
-2.565388679504394418e-04
-2.544826245402910048e-04
-2.636945391275796291e-04
-2.588477134704589657e-04
-2.561423778533935408e-04
-2.591934204101562422e-04
-2.542552220294753149e-04
-2.562437057495116940e-04
-2.601430300743349014e-04
-2.561466693878173759e-04
-2.671790338749259605e-04
-2.620439780385870740e-04
-2.659902937950626252e-04
-2.541370391845703390e-04
-2.572946548461914123e-04
-2.602326822089383188e-04
-2.543318271636962630e-04
-2.632150965288651079e-04
-2.580979262968622311e-04
-2.570219039916992235e-04
-2.575099468231201280e-04
-2.634879575675750036e-04
-2.542612552642822430e-04
-2.544944286346435326e-04
-2.631042377058281727e-04
-2.671654224395752174e-04
-2.632242182026738649e-04
-2.615241588893273258e-04
-2.567348480224609540e-04
-2.554145204015525030e-04
-2.546703815460204991e-04
-2.553362846374511918e-04
-2.531967163085937318e-04
-2.600931259522955004e-04
-2.667061296332792265e-04
-2.630323660178262484e-04
-2.636474467092944922e-04
-2.561609745025634566e-04
-2.635627985000610568e-04
-2.634049909800170275e-04
-2.576433511144186265e-04
-2.634218897685468297e-04
-2.592754172512805105e-04
-2.576961517333984362e-04
-2.582106590270995847e-04
-2.612963014719437631e-04
-2.570142745971679913e-04
-2.584467011113320890e-04
-2.583601474761963073e-04
-2.552656284776557306e-04
-2.552676200866699392e-04
-2.608454849825326497e-04
-2.533903121948242305e-04
-2.629388288321743840e-04
-2.610705700158083369e-04
-2.588438987731933767e-04
-2.574166619634053721e-04
-2.658609532716363030e-04
-2.551097946473393583e-04
-2.615326835263159810e-04
-2.578638164872625060e-04
-2.598071098327636805e-04
-2.581771597804793255e-04
-2.594638062289440989e-04
-2.552001476287841662e-04
-2.603581152766583666e-04
-2.650584769152436611e-04
-2.662301063537597873e-04
-2.640146550124253450e-04
-2.612757682800292709e-04
-2.563257217407226437e-04
-2.554296010948089069e-04
-2.602589757818924896e-04
-2.577199935913085708e-04
-2.642834042928305272e-04
-2.580966949462890764e-04
-2.572658061981201007e-04
-2.662388551900314961e-04
-2.582740783691406185e-04
-2.670896149450733008e-04
-2.579438686370849566e-04
-2.527148723602294839e-04
-2.560639477159124791e-04
-2.589508232821422537e-04
-2.542276937798802696e-04
-2.659814698355538582e-04
-2.559900283813476671e-04
-2.603959366978411617e-04
-2.651486396789550859e-04
-2.537175833460796493e-04
-2.605781018973354294e-04
-2.574231624603271515e-04
-2.592797260207823479e-04
-2.573273181915283129e-04
-2.586903821033646332e-04
-2.596311569213867140e-04
-2.579624652862548724e-04
-2.556810379028320304e-04
-2.577941417694091923e-04
-2.600768483786218923e-04
-2.604959959007171100e-04
-2.609955482795590464e-04
-2.601237660909752332e-04
-2.535791397094726480e-04
-2.593941688537597812e-04
-2.556582052544896446e-04
-2.606965930586359315e-04
-2.637075991765689981e-04
-2.652750470331595770e-04
-2.542757987976074197e-04
-9.819033766994957144e-04
-2.596351995046838001e-04
-2.534158229827880907e-04
-2.623169297674095074e-04
-2.632455825805664210e-04
-2.554697990417480538e-04
-2.678976058959960951e-04
-2.563741207122802548e-04
-2.568254470825195195e-04
-2.591123580932617305e-04
-2.559869289398193117e-04
-2.561414241790771571e-04
-2.580444812774658220e-04
-2.620528979473803286e-04
-2.673686292656229859e-04
-2.552795410156250065e-04
-2.553977640757120241e-04
9.320308322365949928e-05
-2.603540420532226337e-04
-2.584574691741820581e-04
-2.580720736798512607e-04
-2.642418691503856890e-04
-2.690347801729378358e-04
-2.691690661326175951e-04
-2.542891502380371167e-04
-2.541258335113525594e-04
-2.540047168731689566e-04
-2.547948360443114992e-04
-2.585313320159911927e-04
-2.626812892404162465e-04
-2.586379051208496189e-04
-2.579774856567382951e-04
-2.602930049819639885e-04
-2.589755058288574171e-04
-2.589457035064697218e-04
-2.549448645258524404e-04
-2.607705602684173927e-04
-2.539153099060058707e-04
-2.583689000233110097e-04
-2.619174110841559393e-04
-2.536754608154296784e-04
-2.615635777697151304e-04
-2.582552433013916068e-04
-2.627520501112737402e-04
-2.522311210632324145e-04
-2.580826282501220916e-04
-2.602682478966251252e-04
-2.567031383514404371e-04
-2.568812370300293212e-04
-2.564474282015758474e-04
-2.663927676873805773e-04
-2.644023431940117365e-04
-2.578508853912353776e-04
-2.600471657442759554e-04
-2.595095634460449193e-04
-2.551214694976806680e-04
-2.579507827758789010e-04
-2.676584393844991532e-04
-2.571256160736083902e-04
-2.558381557464599852e-04
-2.667583170391264204e-04
-2.598192797128454968e-04
-2.645049705978267610e-04
-2.554559324639868022e-04
-2.579109668731689601e-04
-2.616148397146937405e-04
-2.586441040039062756e-04
-2.594215869903564631e-04
-2.632133784841318822e-04
-2.580139052915764826e-04
-2.652275853040741830e-04
-2.673034667968750104e-04
-2.645309413633038938e-04
-2.564151287078857296e-04
-2.661933418081588345e-04
-2.597167491912841567e-04
-2.587210222420443660e-04
-2.573380470275879006e-04
-2.547585964202881055e-04
-2.583279609680175985e-04
-2.558963298797607461e-04
-2.577750079603080492e-04
-2.594271816881785079e-04
-2.584147453308105209e-04
-2.587525844573974692e-04
-2.596905231475830087e-04
-2.568893164515974022e-04
-2.572888351348509160e-04
-2.593785883432411462e-04
-2.587039470672607621e-04
-2.621774673461914167e-04
-2.591733932495116966e-04
-2.582213878631591723e-04
-2.534784466387277535e-04
-2.669612896392948827e-04
-2.556486129760742257e-04
-2.584722042083740482e-04
-2.724207825397127140e-04
-2.562797069549560460e-04
-2.586707532645229294e-04
-2.684857271894624023e-04
-2.640018324634346475e-04
-2.599534988403320477e-04
-2.538959980010986129e-04
-2.655080455517479406e-04
-2.577171325683593655e-04
-2.543084621429443203e-04
-2.572109699249267370e-04
-2.653167069515335332e-04
-2.523462772369384566e-04
-2.591524124145507674e-04
-2.586863040924072300e-04
-2.644612052576328452e-04
-2.613873755345579009e-04
-2.587025165557861324e-04
-2.553811073303222557e-04
-2.577285766601562409e-04
-2.541975975036621133e-04
-2.555131912231445421e-04
-2.578001424490687405e-04
-2.632364934804488042e-04
-2.586147785186767721e-04
-2.576415538787841684e-04
-2.643250404520237711e-04
-2.564477920532226302e-04
-2.646795717109159452e-04
-2.598820663079982798e-04
-2.548034191131591693e-04
-2.619044915322334588e-04
-2.599035400942147620e-04
-2.578992441476109470e-04
-2.566046714782714891e-04
-2.584731578826904319e-04
-2.532260417938232352e-04
-2.568099498748779050e-04
-2.577908039093017409e-04
-2.566735744476318377e-04
-2.664300639933519133e-04
-2.587840557098388902e-04
-2.812469005584716775e-04
-2.576763850139326593e-04
-2.576682567596435625e-04
-2.580586686191788776e-04
-2.555911540985107526e-04
-2.572469443202497459e-04
-2.657341460386911775e-04
-2.575685977935790807e-04
-2.552568912506103516e-04
-2.571746527430523056e-04
-2.598562240600585794e-04
-2.558920383453369110e-04
-1.290023326873779405e-04
-2.553100585937499896e-04
-2.584780555173575036e-04
-2.645322815380959989e-04
-2.568430900573730516e-04
-2.550408840179443481e-04
-2.635377477929295152e-04
-2.640595436096191523e-04
-2.564771175384521337e-04
-2.582726708377700280e-04
-2.676384235785259341e-04
-2.600162029266357396e-04
-2.558152675628662344e-04
-2.605347633361816272e-04
-2.589607238769531445e-04
-2.583646774291992383e-04
-2.553391456604003971e-04
-2.560060024261474735e-04
-2.576158046722412122e-04
-2.587549686431884826e-04
-2.684449575033532502e-04
-2.562406063079833928e-04
-2.582066059112548997e-04
-2.595553398132324210e-04
-2.571392059326171832e-04
-2.557443806445263389e-04
-2.676255848942970714e-04
-2.638248185957631827e-04
-2.591896057128905990e-04
-3.129712516261685192e-04
-2.599990511515054103e-04
-2.529051303863525313e-04
-2.651335747261357391e-04
-2.558465003967285052e-04
-2.570705241467579282e-04
-2.556552886962890742e-04
-2.557961940765380725e-04
-2.569944858551025417e-04
-2.651777951526239330e-04
-2.664985905689408051e-04
-2.591056823730468819e-04
-2.579190731048583841e-04
-2.603542852593234000e-04
-2.661255114248108435e-04
-2.599081993103027378e-04
-2.577285690001215792e-04
-2.621407411536391739e-04
-2.632734765968169823e-04
-2.531108856201171931e-04
-2.587504655003068947e-04
-2.623801269838886736e-04
-2.592225074768066497e-04
-2.559828758239746267e-04
-2.571318149566650469e-04
-2.531011104583740434e-04
-2.628595953485572895e-04
-2.629662814893220344e-04
-2.545614242553711137e-04
-2.600591182708740360e-04
-2.552573680877685434e-04
-2.664509144696322325e-04
-2.627650896708170320e-04
-2.605110765939735681e-04
-2.583775175623146845e-04
-2.653518827950081976e-04
-2.557716695180379759e-04
-2.528836727142334101e-04
-2.555127143859863502e-04
-2.547938823699951155e-04
-2.588579654693603615e-04
-2.654503984570008752e-04
-2.554769515991210942e-04
-2.548561096191406155e-04
-2.671619552878004957e-04
-2.661256059523551642e-04
-2.655937489735553793e-04
-2.597594356919866979e-04
-2.607612246011634387e-04
-2.596469289327721082e-04
-2.586343288421630716e-04
-2.571485042572021411e-04
-2.636477532174422937e-04
-2.702957942706196389e-04
-2.631504043393772196e-04
-2.596328057438494459e-04
-2.553186416625976597e-04
-2.584293544054981281e-04
-2.648989850110968413e-04
-2.671509846303258022e-04
-2.604489326477050885e-04
-2.591209411621094006e-04
-2.551782131195068533e-04
-2.656230522740271626e-04
-2.546434402465820091e-04
-2.615162167683184047e-04
-2.618152268078862603e-04
-2.652650078137715911e-04
-2.644108266246562281e-04
-2.507588863372802769e-04
-2.588722705841064423e-04
-2.610127925872802860e-04
-2.559578418731689583e-04
-2.558708190917968858e-04
-2.655714869977958588e-04
-2.580438273020058820e-04
-2.568566799163818446e-04
-2.565667629241943156e-04
-2.591967582702636936e-04
-2.543458938598633021e-04
-2.589469932648072871e-04
-2.637045929230839164e-04
-2.534210681915283095e-04
-2.596752643585204900e-04
-2.561526298522949366e-04
-2.547538424112710353e-04
-2.660849862847446665e-04
-2.572297092422423962e-04
-2.640035736512946112e-04
-2.574784755706787070e-04
-2.585332393646240143e-04
-2.550861835479736580e-04
-2.560548782348632765e-04
-2.564802169799804891e-04
-2.554961476460039516e-04
-2.608064666809327046e-04
-2.603244781494140885e-04
-2.605532067846581465e-04
-2.589700222015381024e-04
-2.547433376312255868e-04
-2.573022842407226445e-04
-2.565543651580810564e-04
-2.562307928460668804e-04
-2.546114136416270462e-04
-2.597811222076416285e-04
-2.542500495910644635e-04
-2.534449100494384982e-04
-2.594349384307861059e-04
-2.589132785797119171e-04
-2.594003677368163837e-04
-2.489912509918212956e-04
-2.538278102874756063e-04
-3.665862529258418000e-04
-2.559449778024451062e-04
-2.582135200500488442e-04
-2.643655102894487924e-04
-3.336610564266342688e-04
-2.613883018493652578e-04
-2.575689051524702403e-04
-2.549815177917480534e-04
-2.547050096902502654e-04
-2.535367012023925976e-04
-2.559018135070800608e-04
-2.561948299407958911e-04
-2.578001022338866988e-04
-2.623425751197628925e-04
-2.545800209045410295e-04
-2.585542201995849436e-04
-2.570190429687500182e-04
-2.620052700200356782e-04
-2.550845146179199323e-04
-2.658515570154151831e-04
-2.546544075012206927e-04
-2.628332639793794483e-04
-2.572274208068847895e-04
-2.647006765325018779e-04
-2.601544866677720706e-04
-2.610723972320556766e-04
-2.540216445922851467e-04
-2.589724063873291159e-04
-2.631844286937790088e-04
-2.546172142028808611e-04
-1.416716570696554840e-03
-2.568013668060302891e-04
-2.554814815521240252e-04
-2.638321613596978786e-04
-2.584109306335449318e-04
-2.564565244927463931e-04
-2.575777620675573235e-04
-2.556890847692527857e-04
-2.568657398223877066e-04
-2.564630508422851489e-04
-2.573228265386987446e-04
-2.567489147186279388e-04
-2.611947928363012430e-04
-2.597323861945585234e-04
-2.588937282562255634e-04
-2.646794763662047066e-04
-2.576770782470703285e-04
-2.547199726104736441e-04
-2.633819580078124883e-04
-2.681403871505491318e-04
-2.583851775969846177e-04
-2.665447297497330415e-04
-2.553558349609374913e-04
-2.620368597497901831e-04
-2.576146259844063770e-04
-2.549479007720947149e-04
-2.612019071773607061e-04
-2.552096843719482201e-04
-2.594156265258789023e-04
-2.570333480834960990e-04
-2.650282195000232982e-04
-2.634871781356935535e-04
-2.562982969015956667e-04
-2.639250582959278501e-04
-2.576804544073510884e-04
-2.659840312430528835e-04
-2.614875071444492370e-04
-2.584056854248047131e-04
-2.540612220764159918e-04
-2.574688459495942921e-04
-2.610773979863033854e-04
-2.574647765561758630e-04
-2.655741597010084689e-04
-2.558898925781249935e-04
-2.581424713134765781e-04
-2.589898415837421988e-04
-2.548000812530517721e-04
-2.638164831667530225e-04
-2.556376457214355421e-04
-2.586643695831298629e-04
-2.009598126851889859e-04
-2.619162999062872002e-04
-2.541321827225895670e-04
-2.559717879237898724e-04
-2.548992633819580078e-04
-2.639551877010206499e-04
-2.591989040374756111e-04
-2.663954486691854631e-04
-2.644551910369502307e-04
-2.580401897430419870e-04
-2.549734115600585751e-04
-2.619201137173560200e-04
-2.556166648864746128e-04
-2.561902999877929601e-04
-2.589654252232317867e-04
-2.574338970414127219e-04
-2.579817771911621302e-04
-2.646148204803466797e-04
-2.622967813073135215e-04
-2.566308975219726372e-04
-2.567590958622085920e-04
-2.655031259167832348e-04
-2.629026830435756638e-04
-2.570288727082401664e-04
-2.656809745296355007e-04
-2.641263735820969507e-04
-2.655927171098425234e-04
-2.659705858076772452e-04
-2.537417411804199175e-04
-2.619849151396847257e-04
-2.541561126708984466e-04
-2.602527141571044805e-04
-2.565800425517990118e-04
-2.616494894027709961e-04
-2.591769695281982439e-04
-2.611296517508370288e-04
-2.601058128847176043e-04
-2.552943229675292791e-04
-2.632148294563752791e-04
-2.703867762921804497e-04
-2.569420337677001914e-04
-2.598795890808105222e-04
-2.539866745717240994e-04
-2.535431385040282960e-04
-2.588026523590088060e-04
-2.582969665527343694e-04
-2.690190222205185097e-04
-2.567944526672363446e-04
-2.549862861633300803e-04
-2.602144896265972274e-04
-2.522070407867431840e-04
-2.565605640411377131e-04
-2.640015200564735614e-04
-2.544355392456054839e-04
-2.598986625671386840e-04
-2.608420848846435382e-04
-2.558727264404297074e-04
-2.605421954848201175e-04
-2.555630207061767830e-04
-2.558425248387348038e-04
-2.613259900000787376e-04
-2.557070255279540825e-04
-2.555596828460693316e-04
-2.546317606087190291e-04
-2.542638778686523524e-04
-2.566626071929931541e-04
-2.600457668304443390e-04
-2.539339065551757865e-04
-3.694362640380859423e-04
-2.547240257263183832e-04
-2.553632259368896276e-04
-2.638875664054573427e-04
-2.620651721954345799e-04
-2.575316429138183451e-04
-2.571759223937988229e-04
-2.634561350268702388e-04
-2.645439115063897401e-04
-2.586480125365965923e-04
-2.593153930572141973e-04
-2.581036713228646810e-04
-2.552137374877929592e-04
-2.581422328948974822e-04
-2.634239489914940997e-04
-2.603861750388632157e-04
-2.572951316833496042e-04
-2.540912628173828372e-04
-2.538931369781494076e-04
-2.612747618409453970e-04
-2.604421362819441693e-04
-2.629346534854075921e-04
-2.575509548187256029e-04
-2.603934657189154031e-04
-2.532091140747070451e-04
-2.559213638305664145e-04
-2.606164020706850954e-04
-2.609350681304931714e-04
-2.563407421112060664e-04
-2.610749397121492148e-04
-2.618373894109958609e-04
-2.611728965258989284e-04
-2.553302600201832920e-04
-2.554292678833007708e-04
-2.584483623504638594e-04
-2.569568157196045182e-04
-2.549424171447754002e-04
-2.524042129516601758e-04
-2.583248548239589480e-04
-2.550707763457394132e-04
-2.648411505672347674e-04
-2.558643817901611332e-04
-2.622462568744536159e-04
-2.592019287936658659e-04
-2.598273754119873220e-04
-2.527315932584095915e-04
-2.595753669738769666e-04
-2.603267570097283546e-04
-2.613067626953125000e-04
-2.560958862304687513e-04
-2.560329437255859635e-04
-2.603104114532470495e-04
-2.578694820404052934e-04
-2.537732124328613385e-04
-2.599581178412379819e-04
-2.591964231437468786e-04
-2.572948932647705082e-04
-2.570405006408691393e-04
-2.549767494201660265e-04
-2.588572272335190345e-04
-2.595837336467451593e-04
-2.559568881988525204e-04
-2.552328109741210669e-04
-2.544736862182616992e-04
-3.298159583984129986e-04
-2.620254105668726945e-04
-2.562589645385742127e-04
-2.567484378814697469e-04
-2.614560127258300725e-04
-2.605063915252685616e-04
-2.637023363656144969e-04
-2.546222209930419839e-04
-2.576756477355956988e-04
-2.593696117401123047e-04
-2.553305625915527270e-04
-2.598800812380380916e-04
-2.694211659892912624e-04
-2.557742595672607595e-04
-2.611510215267058132e-04
-2.557697545093704926e-04
-2.558973419618414862e-04
-2.687348419403933993e-04
-2.596689515324481661e-04
-2.607274055480956879e-04
-2.580983638763427479e-04
-2.548294067382812756e-04
-2.575085163116454983e-04
-2.612229810661101598e-04
-2.599680423736572244e-04
-2.547030448913573998e-04
-2.557983398437499900e-04
-2.566499710083007990e-04
-2.595367431640625052e-04
-2.559647560119629028e-04
-2.572712898254394696e-04
-2.536489963531494344e-04
-2.655447915542957327e-04
-2.526671886444091606e-04
-2.706125079388599082e-04
-2.548244583558844549e-04
-2.632206268156105826e-04
-2.645415564378102440e-04
-2.564507794667439432e-04
-2.573988437652587708e-04
-2.601919174194336102e-04
-2.633676984003470770e-04
-2.553277015686035217e-04
-2.647364331829932271e-04
-2.578496932983398438e-04
-2.619636106682589468e-04
-2.540764808654785104e-04
-2.566955089569092048e-04
-2.634567170103719398e-04
-2.635456772468350675e-04
-2.554337978363037018e-04
-2.566535472869872921e-04
-2.655081839358071978e-04
-2.538030147552490338e-04
-2.558624744415283116e-04
-2.591316699981689340e-04
-2.568585872650146662e-04
-2.537498991173434029e-04
-2.587104896943732079e-04
-2.551112174987792722e-04
-2.608549838163414696e-04
-2.584843635559082114e-04
-2.634716799939013955e-04
-2.539999485015869297e-04
-2.582453819642583910e-04
-2.552051544189452891e-04
-2.654027268589739742e-04
-2.581274509429931554e-04
-2.611892357949287713e-04
-2.570836898313468488e-04
-2.729128474838162974e-04
-2.624535560607910026e-04
-2.579510211944579970e-04
-2.557342052459716684e-04
-2.516860961914062287e-04
-2.604961395263671658e-04
-2.640910476808123043e-04
-2.537908554077148706e-04
-2.578856945037841957e-04
-2.566492557525634570e-04
-2.550287246704101307e-04
-2.572374343872070352e-04
-2.556896209716797005e-04
-2.546994686126709067e-04
-2.599030613420478912e-04
-2.541511058807373238e-04
-2.543599605560302869e-04
-2.595179080963134935e-04
-2.551448345184326107e-04
-2.627775669097900620e-04
-2.548751831054687231e-04
-2.594869136810302643e-04
-2.542552947998046823e-04
-2.578141689300537378e-04
-2.595345973968505877e-04
-2.566008567810058459e-04
-2.551748752593994019e-04
-2.522096633911132934e-04
-2.555365562438964848e-04
-2.586482519126800006e-04
-2.593193054199218720e-04
-2.674593965047622392e-04
-2.590951919555663902e-04
-2.622385025024413828e-04
-2.553563117980956832e-04
-2.622023163000083285e-04
-2.582561969757079905e-04
-2.614302807543651187e-04
-2.581024744424475310e-04
-2.522404193878173724e-04
-2.542591094970703255e-04
-2.654249888347334405e-04
-2.522249221801757578e-04
-2.566580772399902231e-04
-2.603499889373779488e-04
-2.656831741333007799e-04
-2.539136409759521450e-04
-2.563054561614990022e-04
-2.658099055768974213e-04
-2.556409835815429935e-04
-2.591948509216308720e-04
-2.569800399872193965e-04
-2.624779458968870224e-04
-2.578523159027099531e-04
-2.538118362426757999e-04
-2.629177773047072439e-04
-2.557862714591275090e-04
-2.643410290513083108e-04
-2.532148361206054557e-04
-2.602654767323689432e-04
-2.625696058195780831e-04
-2.561259269714355425e-04
-2.653957382450259045e-04
-2.675204237630544727e-04
-2.647244200414540743e-04
-2.674096026401287995e-04
-2.578604221343994314e-04
-2.615208625793456819e-04
-2.640368469268921606e-04
-2.606396215507783033e-04
-2.593774795532226328e-04
-2.578423023223877075e-04
-2.544171810150146641e-04
-2.544391155242919770e-04
-2.664512517500897018e-04
-2.558090686798095777e-04
-2.566466331481933477e-04
-2.598617076873779483e-04
-2.562694549560547044e-04
-2.547278404235839722e-04
-2.606104939214644789e-04
-2.523801326751708911e-04
-2.575555000917978572e-04
-2.596569061279296702e-04
-2.589712142944335820e-04
-2.646008169794657216e-04
-2.582681179046631120e-04
-2.552371025085449019e-04
-2.642605594012527987e-04
-2.561693191528320308e-04
-2.553024291992187574e-04
-2.616863250732422109e-04
-2.682041451634173336e-04
-2.567110061645507652e-04
-2.637361905660973909e-04
-2.652087646895919340e-04
-2.653101278889563618e-04
-2.648552737561574296e-04
-2.540886402130126736e-04
-2.615230698739328622e-04
-2.586590238364346213e-04
-2.556898593902587964e-04
-2.541179656982421771e-04
-2.613084383278965208e-04
-2.546277046203613528e-04
-2.643038188257525027e-04
-1.233657521586264342e-04
-2.560100555419922127e-04
-2.559218406677246063e-04
-2.570865623443480737e-04
-2.558631896972655994e-04
-2.553594639023623581e-04
-2.571440126043725728e-04
-2.579925060272216636e-04
-2.558143138885497964e-04
-2.557213306427002174e-04
-2.582492828369140460e-04
-2.631586594659774216e-04
-2.641222476959228442e-04
-2.554109096527099510e-04
-2.534456253051757860e-04
-2.590547125023531685e-04
-2.597302318098075775e-04
-2.650697855478703971e-04
-2.640676401887345347e-04
-2.558739185333251871e-04
-2.519340515136718993e-04
-2.603502158659050250e-04
-2.630078984845068990e-04
-2.639419154116981708e-04
-2.521383762359619314e-04
-2.614737051651190819e-04
-2.547847219260342307e-04
-2.636735531393550333e-04
-2.550177574157715013e-04
-2.556579113006591836e-04
-2.550511360168456897e-04
-2.580789789076774299e-04
-2.572680094155920623e-04
-2.532954216003417756e-04
-2.555897235870361228e-04
-2.638416424874336541e-04
-2.633700370788574210e-04
-2.545013427734374770e-04
-2.569384574890136983e-04
-2.656310550437485899e-04
-3.636974886239293064e-04
-2.650524707550697958e-04
-2.549762725830078346e-04
-2.610529622723979475e-04
-2.561085224151611064e-04
-2.663813621891654828e-04
-2.569749355316161880e-04
-2.536721229553222812e-04
-2.657691476798733311e-04
-2.565691471099853290e-04
-2.573010921478271649e-04
-2.638659899747824436e-04
-2.654683159058352773e-04
-2.546775341033935395e-04
-2.550597190856933598e-04
-2.618341082071204699e-04
-2.535362243652343516e-04
-2.569935321807861580e-04
-2.640360950404762393e-04
-2.588603496551513750e-04
-2.549009323120117335e-04
-2.617148989175696887e-04
-2.608833064037154449e-04
-2.661900174233221414e-04
-2.548058032989501827e-04
-2.564163208007812634e-04
-2.551715373992920048e-04
-2.581896781921386554e-04
-2.721143714131762600e-04
-2.555029392242431463e-04
-2.593953609466552609e-04
-2.637407514784071089e-04
-2.598762512207031250e-04
-2.544915676116943273e-04
-2.608871364210504115e-04
-2.644783066165062846e-04
-2.609075557801031472e-04
-2.589012724328711504e-04
-2.593462725719773384e-04
-2.569752524655506882e-04
-2.596747875213622982e-04
-2.543027400970459097e-04
-2.629004540990610814e-04
-2.586662769317626845e-04
-2.634419120757685901e-04
-2.581951129867370086e-04
-2.585814659854015476e-04
-2.565867900848388611e-04
-2.556151175594712703e-04
-2.641074599758271458e-04
-2.583341598510742010e-04
-2.564389705657959184e-04
-2.553579807281494089e-04
-2.630701698208251136e-04
-2.542884953050728101e-04
-2.575423717498779327e-04
-2.547607843176906894e-04
-2.598706327500890771e-04
-2.559943199157715022e-04
-2.636082794355309490e-04
-2.576978206634521619e-04
-2.573831081390380604e-04
-2.597264017924726109e-04
-2.557356357574462982e-04
-2.658689214337256490e-04
-2.636200931656312971e-04
-2.520914077758788958e-04
-2.548666000366211072e-04
-2.589368820190429557e-04
-2.564501762390136979e-04
-2.655694561619912687e-04
-2.581129074096679787e-04
-2.619543075561523186e-04
-2.601656913757324080e-04
-2.592124938964843498e-04
-2.592232653765174678e-04
-2.560005130538021219e-04
-2.605819702148437587e-04
-2.615641682378707289e-04
-2.552654743194580217e-04
-2.538917064666747778e-04
-2.626755237579345668e-04
-2.588651266442723760e-04
-2.556622028350830187e-04
-2.555586248037805671e-04
-2.583587169647216775e-04
-2.618554126785461946e-04
-2.643694320032673357e-04
-2.541191577911377109e-04
-2.525808811187744301e-04
-2.549264430999755937e-04
-2.607540433186603763e-04
-2.681384851903091129e-04
-2.592732906341552743e-04
-2.609096377728933403e-04
-2.566835880279540833e-04
-2.550511475068977093e-04
-2.653803902599010658e-04
-2.566025257110595716e-04
-2.597327232360839631e-04
-2.614709746885491388e-04
-2.559130191802978403e-04
-2.642148925412085591e-04
-2.581789493560791219e-04
-2.589716490014011075e-04
-2.566779473699240142e-04
-2.573246955871582036e-04
-2.602970743753823635e-04
-2.562382221221923793e-04
-2.563252449035644518e-04
-2.583668231964111558e-04
-2.561061382293700929e-04
-2.572964951695208492e-04
-2.583081722259521489e-04
-2.540073394775390660e-04
-2.652934058703512667e-04
-2.597010279276284572e-04
-2.667638454360035335e-04
-2.567389882712000173e-04
-2.586462497711181389e-04
-2.537426948547363012e-04
-2.531371116638183412e-04
-2.636219455988080928e-04
-2.573664188385009662e-04
-2.596912384033202965e-04
-2.562966212690115917e-04
-2.585615977704764355e-04
-2.567373126386159965e-04
-2.654194831848144531e-04
-2.760313266564992001e-04
-2.592318058013916076e-04
-2.639239484613592024e-04
-2.581315040588378945e-04
-2.573185177691969072e-04
-2.576951980590820525e-04
-2.563906960698016818e-04
-2.648580458856398287e-04
-2.548391819000244253e-04
-2.560226917266845677e-04
-2.546510696411132956e-04
-2.562797069549560460e-04
-2.618840762547084279e-04
-2.600357532501220933e-04
-2.555184364318847609e-04
-2.651603952530891717e-04
-2.657535076141357582e-04
-2.619352552198594389e-04
-2.587981013409105147e-04
-2.568198973874011868e-04
-2.641084203758392677e-04
-2.639115345282632601e-04
-2.658563445370838913e-04
-2.528264522552490330e-04
-2.672204522274000378e-04
-2.648794507405844334e-04
-2.591013908386230469e-04
-2.670390186486420949e-04
-2.588024101104123521e-04
-2.651975072663405883e-04
-2.586836795730284417e-04
-2.524390220642089939e-04
-2.592474102495185943e-04
-2.552459239959716680e-04
-2.581383808549628429e-04
-2.541422365180938544e-04
-2.628667766310603519e-04
-2.649075132075364076e-04
-2.618949097323130647e-04
-2.564649581909179705e-04
-2.526624202728271337e-04
-2.584283351898193138e-04
-2.585229873657226727e-04
-2.566487789154052652e-04
-2.570440769195556866e-04
-2.578885555267334010e-04
-2.623024967408949556e-04
-2.559342384338378655e-04
-2.578330039978027496e-04
-2.652856130753793954e-04
-2.646721326387845344e-04
-2.634131218776230047e-04
-2.601249217987060291e-04
-2.551987171173095907e-04
-2.643463552975263645e-04
-2.581346035003661958e-04
-2.594230175018310386e-04
-2.533085346221923767e-04
-2.590980395734549511e-04
-5.733167311273904389e-04
-2.580010890960693338e-04
-2.625902168086317488e-04
-2.604782581329345920e-04
-2.652718642047632272e-04
-2.649769638523911215e-04
-2.590623725370231017e-04
-2.550897598266601510e-04
-2.609274387359619392e-04
-2.618751090591873629e-04
-2.563958168029785260e-04
-2.598204612731933776e-04
-2.566466331481933477e-04
-2.579617213053875626e-04
-2.595061757957121398e-04
-2.665041891996525626e-04
-2.543811798095703121e-04
-2.600483626246931053e-04
-2.580044269561767309e-04
-2.568831443786620886e-04
-2.559821605682372847e-04
-2.616450011012066024e-04
-2.613405147230768661e-04
-2.599222660064697227e-04
-2.538216114044189496e-04
-2.608294389685805801e-04
-2.586436271667480295e-04
-2.556340694427490490e-04
-2.566599845886230447e-04
-2.554513843184015565e-04
-2.534547484064676747e-04
-2.574024200439453181e-04
-2.589588165283203229e-04
-2.549159000197567825e-04
-2.529404163360595955e-04
-2.554109096527099510e-04
-2.621409893035888728e-04
-2.569341659545898633e-04
-2.551567123596926992e-04
-2.562892436981200998e-04
-2.567897360008883248e-04
-2.541477680206298724e-04
-2.642446313022582039e-04
-2.585010528564453056e-04
-2.631888754906192658e-04
-2.627735765873159238e-04
-2.532889842987060772e-04
-2.612132029455216018e-04
-2.577555179595947309e-04
-2.673079570134480830e-04
-2.628875071885155841e-04
-2.567632198333740195e-04
-2.657290752426984411e-04
-2.529010772705077921e-04
-2.560946941375732175e-04
-2.643430089376059178e-04
-2.598135471343994331e-04
-2.614309787750244041e-04
-2.591356216185542838e-04
-2.546637058258056506e-04
-2.518327236175536919e-04
-2.537653446197509562e-04
-2.590868473052978702e-04
-2.544085979461669939e-04
-2.581889629364013676e-04
-2.587137222290039119e-04
-2.555170059204101311e-04
-2.567677134012122668e-04
-2.554643154144286849e-04
-2.582681179046631120e-04
-2.749030848583542915e-04
-2.656150455317221343e-04
-2.626582018790706756e-04
-2.647042274475097656e-04
-2.629652619361877333e-04
-2.556641101837158403e-04
-2.604672505009558736e-04
-2.608593687953719036e-04
-2.566866874694824388e-04
-2.634278157862221547e-04
-2.629984685075961270e-04
-2.624113713541338503e-04
-2.668318748474121042e-04
-2.553172111511230300e-04
-2.603854041501700036e-04
-2.573986053466796749e-04
-2.563334851858606453e-04
-2.654618687099880438e-04
-2.633595953182298359e-04
-2.625666218674529246e-04
-2.547140121459960833e-04
-2.540183067321777496e-04
-2.671766788401502076e-04
-2.561462930886142068e-04
-2.525591850280761589e-04
-2.640072928100335660e-04
-2.536177635192871094e-04
-2.568104267120361510e-04
-2.602694034576415747e-04
-2.615895271301269345e-04
-2.556331157684326111e-04
-2.611858504159110181e-04
-2.627365560416715959e-04
-2.604925632476806727e-04
-2.563576621702875948e-04
-2.633409806523457145e-04
-2.611653804779052557e-04
-2.644235087979224263e-04
-2.625003645691690538e-04
-2.570095062255859644e-04
-2.598874568939209045e-04
-2.551634148900288907e-04
-2.668168534876400066e-04
-2.559788227081298876e-04
-2.603380680084228273e-04
-2.575163841247558806e-04
-2.582528591156005933e-04
-2.595056970435452690e-04
-2.584311378050042169e-04
-2.562451362609863238e-04
-2.544036352012052165e-04
-2.568830926734280815e-04
-2.615483057114385964e-04
-2.595868455358298467e-04
-2.573103789823601032e-04
-2.658190339375911108e-04
-2.598805599902049624e-04
-2.592511177062988112e-04
-2.578687667846679514e-04
-2.528373974872880439e-04
-2.616497886228753107e-04
-2.554247379302978399e-04
-2.565252254286923294e-04
-2.578494539222564354e-04
-2.666618824005126983e-04
-2.605448286217379342e-04
-2.635456472036829109e-04
-2.660637689849077911e-04
-2.542912960052490343e-04
-2.642771010456780004e-04
-2.579913139343261840e-04
-2.676432154008320167e-04
-2.533447742462158246e-04
-2.623083591461181693e-04
-2.555849552154540959e-04
-2.584745883941650616e-04
-2.617730248358941672e-04
-2.593672275543212912e-04
-2.653471628824869907e-04
-2.593545913696288820e-04
-2.538230419158935794e-04
-2.589116096496581914e-04
-2.644935432745485881e-04
-2.552576065063476393e-04
-2.536754608154296784e-04
-2.544324398040771285e-04
-2.615107111183993631e-04
-2.666020192174468678e-04
-2.654111050218942408e-04
-2.607436180114745903e-04
-2.653664741359773398e-04
-2.584541179090139623e-04
-2.544431686401367161e-04
-2.558751106262207209e-04
-2.588129043579101476e-04
-2.557034492492675894e-04
-2.597546481703179896e-04
-2.561733425860424356e-04
-2.624827527230785547e-04
-2.547693252563476389e-04
-2.578127384185791081e-04
-2.587100109422063371e-04
-2.620707858692516079e-04
-2.599779860561631482e-04
-2.584883486889452534e-04
-2.595554872688998348e-04
-2.605483116891219812e-04
-2.546331882476806675e-04
-2.651769539405559933e-04
-2.561686523407103984e-04
-2.555557522907793422e-04
-2.566286358967363734e-04
-2.558972835540771298e-04
-2.587978839874267791e-04
-2.615935352432680158e-04
-2.560141086578368976e-04
-2.626002796234622834e-04
-2.621909384785393285e-04
-2.577083110809325994e-04
-2.585821151733398173e-04
-2.616934718624238255e-04
-2.534193992614745838e-04
-2.642059621732097000e-04
-2.509577274322509943e-04
-2.635841369628906029e-04
-2.543625831604003963e-04
-2.578115463256835742e-04
-1.848483085632324089e-04
-2.575185298919677982e-04
-2.609474591940761355e-04
-2.558312093119222163e-04
-2.554771900177001901e-04
-2.562119960784912313e-04
-2.648892244362732002e-04
-2.575635910034179579e-04
-2.601646994012426616e-04
-2.642014986789064778e-04
-2.533605098724365351e-04
-2.695336228325253235e-04
-2.571744918823241932e-04
-2.551288604736328043e-04
-2.570121288299560738e-04
-2.537577985280967444e-04
-2.633004267680694546e-04
-2.568986415863037031e-04
-2.580347061157226723e-04
-2.520124912261963016e-04
-2.542703151702881050e-04
-2.591254711151123316e-04
-2.614689930792777717e-04
-2.582733631134033307e-04
-2.641603350639343262e-04
-2.590518399893519436e-04
-2.583787441253662231e-04
-2.644497706708180576e-04
-2.609096377728933403e-04
-2.600355148315429432e-04
-2.615124948563114044e-04
-2.554409503936767422e-04
-2.580864429473876806e-04
-2.675266265869140543e-04
-2.584767341613769791e-04
-2.638430845352911355e-04
-2.542490959167480256e-04
-2.548921108245849674e-04
-2.554609775543212878e-04
-2.579066753387451250e-04
-2.568254470825195195e-04
-2.647922627596675620e-04
-2.576475143432617292e-04
-2.555437088012695252e-04
-2.566533088684081962e-04
-2.572357654571533095e-04
-2.587906806823240440e-04
-2.591518991922278918e-04
-2.552263736724853685e-04
-2.554722100376604103e-04
-2.557336087207717724e-04
-2.690571344504921985e-04
-2.528367042541503746e-04
-2.586276531219482231e-04
-2.670430504115282075e-04
-2.604522685772977099e-04
-2.542648315429687361e-04
-2.552287578582763819e-04
-2.575852870941162292e-04
-2.545094490051269553e-04
-2.598511167319424338e-04
-2.564986546834309715e-04
-2.562561035156250074e-04
-2.567038536071777248e-04
-2.587792873382568090e-04
-2.564082145690917852e-04
-2.628019670160805532e-04
-2.546081542968749991e-04
-2.589614391326904323e-04
-2.582588195800780998e-04
-2.651733822292751987e-04
-2.543556690216064518e-04
-2.607407589112558603e-04
-2.604548232143662732e-04
-2.564456462860107669e-04
-2.610987448788072078e-04
-2.551686763763427995e-04
-2.548911571502685295e-04
-2.623033621674211876e-04
-2.631776728610760651e-04
-2.534747123718261936e-04
-2.582280635833740208e-04
-2.539587020874023589e-04
-2.529506683349609371e-04
-2.598495483398437309e-04
-2.560675144195556857e-04
-2.589788436889648685e-04
-2.570941448211669692e-04
-2.545173168182372834e-04
-2.656375547968240327e-04
-2.560613155364990291e-04
-2.626242886585404145e-04
-2.578492145461729729e-04
-2.641689971210511010e-04
-2.568660969715041943e-04
-2.565634250640869184e-04
-2.571868896484375065e-04
-2.617354852607451342e-04
-2.648852399138153452e-04
-2.638807296752929805e-04
-2.625718652962680862e-04
-2.631083611519105850e-04
-2.565877025864689450e-04
-3.099185664479325690e-04
-2.542352676391601367e-04
-2.587459087371826207e-04
-2.604516185059839277e-04
-2.568542957305908312e-04
-2.563114166259765629e-04
-2.676792004529167401e-04
-2.566403653248246815e-04
-2.596392688981021750e-04
-2.558915615081787192e-04
-2.578830718994140864e-04
-2.648239334424336679e-04
-2.550394535064697183e-04
-2.662345356897476731e-04
-2.536432743072509696e-04
-2.625649757230812857e-04
-2.554509639739990421e-04
-2.670081193782081132e-04
-2.549009323120117335e-04
-2.628038207211168655e-04
-2.586495876312255903e-04
-2.644404036099793232e-04
-2.597168267491351944e-04
-2.666265406507126808e-04
-2.583305835723877079e-04
-2.544360160827636758e-04
-2.552042007446289054e-04
-2.647611883378798189e-04
-2.599463884131496738e-04
-2.585511207580566424e-04
-2.534990329819031990e-04
-2.566389290683240691e-04
-2.607506129049485502e-04
-2.602635617237014599e-04
-2.569352766596170014e-04
-2.596773296953683785e-04
-2.603480614811541334e-04
-2.626039416914484315e-04
-2.605455467499882133e-04
-2.567954810268907747e-04
-2.667160073587716992e-04
-2.594177722930908199e-04
-2.540326118469238303e-04
-2.655028816192380966e-04
-2.529926300048827956e-04
-2.577343140261240291e-04
-2.624380394695250709e-04
-2.548229694366455230e-04
-2.628368874118752817e-04
-2.661706453346344525e-04
-2.606317996978759995e-04
-2.563202381134033290e-04
-2.597774709424664915e-04
-2.599778722544185362e-04
-2.595274448394775473e-04
-2.569706439971924071e-04
-2.667117415622062148e-04
-2.617476934410003131e-04
-2.545852661132812483e-04
-2.622367387794586713e-04
-2.589639889667311743e-04
-2.603854041501700036e-04
-2.647240956624348778e-04
-2.641340336167668839e-04
-2.562336921691894484e-04
-2.629671077178829717e-04
-2.569996688260611003e-04
-2.559499740600585760e-04
-2.627740671605239566e-04
-2.637007629057489498e-04
-2.667802136118819166e-04
-2.527732849121093949e-04
-2.544395416137205284e-04
-2.627913285846169926e-04
-2.612952726433076002e-04
-2.535927295684814410e-04
-2.571155268504437858e-04
-2.654778032467283201e-04
-2.533637854947622722e-04
-2.528712749481200968e-04
-2.580487728118896571e-04
-2.560265064239502109e-04
-2.529230117797851593e-04
-2.602787017822265868e-04
-2.591502666473388498e-04
-2.552012363112116317e-04
-2.594106647384214373e-04
-2.642068039461311951e-04
-2.590702719477764432e-04
-2.647914358826934439e-04
-2.665115862476582576e-04
-2.571344375610351562e-04
-2.562716007232666219e-04
-2.527196407318115109e-04
-2.654790878295898438e-04
-2.568400049784097072e-04
-2.600835509089580839e-04
-2.599289417266845712e-04
-2.546516288236441955e-04
-2.557896227242956047e-04
-2.555785179138183433e-04
-2.582990022069479234e-04
-2.650847801795372513e-04
-2.663188947821563349e-04
-2.648533680738308612e-04
-2.528762817382812739e-04
-2.547709941864013646e-04
-2.582767009735107279e-04
-2.615883350372314549e-04
-2.518107891082763789e-04
-2.581145763397217044e-04
-2.599887579799177147e-04
-2.580447196960449180e-04
-2.618618011474609314e-04
-2.512567043304443312e-04
-2.538681030273437392e-04
-2.639322395784309125e-04
-2.538185119628906484e-04
-2.647054291540576758e-04
-2.582764625549316320e-04
-2.541987895965575929e-04
-2.629862836569794079e-04
-2.584371222070900751e-04
-2.560830116271972461e-04
-2.578275203704833807e-04
-2.657866169666421694e-04
-2.612296835964463514e-04
-2.749721046353949760e-04
-2.606190352076028578e-04
-2.599465847015381033e-04
-2.671236341649835711e-04
-2.590532302856445317e-04
-2.619274648796602266e-04
-2.557370662689208737e-04
-2.560601234436034952e-04
-2.547741893783630725e-04
-2.668432327879576992e-04
-2.555828094482421784e-04
-2.644968128973438086e-04
-2.596974372863769531e-04
-2.535744364481853268e-04
-2.593939304351806853e-04
-2.584270684115857878e-04
-2.540538311004638555e-04
-2.554078102111816497e-04
-2.580418586730957127e-04
-2.574369907379150404e-04
-2.581372261047363051e-04
-2.640209371043789684e-04
-2.601489005797359244e-04
-2.543509006500244249e-04
-2.552468776702881059e-04
-2.589855328142403614e-04
-2.546536922454834049e-04
-2.525000572204589601e-04
-2.552158382523012190e-04
-2.539497781470118911e-04
-2.543064485113304932e-04
-2.565181255340576085e-04
-2.581775188446044922e-04
-2.523157596588134735e-04
-2.660858784622388757e-04
-2.534332275390625269e-04
-2.531909942626953212e-04
-2.592935562133789158e-04
-2.554886341094970655e-04
-2.647099956389396369e-04
-2.584440708160400243e-04
-2.659864849963430649e-04
-2.631036961664919038e-04
-2.585941529178236516e-04
-2.634671827157338496e-04
-2.630851706679986470e-04
-2.655527591705322192e-04
-2.600694277200354216e-04
-2.582232952117919939e-04
-2.564387321472168225e-04
-2.654821575967027136e-04
-2.562239170074462986e-04
-2.613843811882866951e-04
-2.634807762850719412e-04
-2.580335140228271385e-04
-2.628787130605978991e-04
-2.559061050415038958e-04
-2.588385558990110723e-04
-2.640047705317118154e-04
-2.571477890014648533e-04
-2.660462933201943937e-04
-2.599625337508416770e-04
-2.592508792877197153e-04
-2.605328598175661635e-04
-2.559969425201416115e-04
-2.637039794612992360e-04
-2.598268985748290760e-04
-2.558429241180420121e-04
-2.555086612701416111e-04
-2.613279819488525252e-04
-2.508964538574218780e-04
-2.660970687866211172e-04
-2.722426464683131396e-04
-2.647290229797363381e-04
-2.589067780827901378e-04
-2.554339098643107443e-04
-2.563779354095458980e-04
-2.532477378845215065e-04
-2.600787633872893756e-04
-2.636308491971977447e-04
-2.565314769744873056e-04
-2.548489570617675751e-04
-2.661795150942918866e-04
-2.577056884765624900e-04
-2.532873153686523516e-04
-2.583887577056884688e-04
-2.750370666565682886e-04
-2.538046836853027595e-04
-2.607939696987630679e-04
-2.547066211700439470e-04
-2.648390180342425054e-04
-2.604524294535319191e-04
-2.532711029052734492e-04
-2.618714508761363943e-04
-2.647306629803389982e-04
-2.544393539428710729e-04
-2.570040225982665955e-04
-2.600170043577630934e-04
-2.567155361175536962e-04
-2.548887729644775161e-04
-2.571740150451660013e-04
-2.629679392992965645e-04
-2.646419896658166126e-04
-2.656036899203345646e-04
-2.563269138336181775e-04
-2.624882805731988547e-04
-2.548451423645019319e-04
-2.574319839477539175e-04
-2.565769306627143243e-04
-2.626602242632610201e-04
-2.578036785125732461e-04
-2.634120753491260049e-04
-2.621163295794136827e-04
-2.668238085184136948e-04
-2.563703060150146658e-04
-2.593848121214104669e-04
-2.511796951293945044e-04
-2.573673725128174041e-04
-2.620019108416086128e-04
-2.645624260748586417e-04
-2.614326745151994728e-04
-2.627216401647349095e-04
-2.569682598114013936e-04
-2.553801536560058720e-04
-2.599751135431619233e-04
-2.596762180328369279e-04
-2.534937667080676199e-04
-2.511398792266845634e-04
-2.655291655024544315e-04
-2.634408997326362530e-04
-2.661861388789497516e-04
-2.627319652541929159e-04
-2.590317323983433689e-04
-2.602482416543615935e-04
-2.607839107513427773e-04
-2.578523159027099531e-04
-2.668850411672960433e-04
-2.631794233791163746e-04
-2.580311403695837781e-04
-2.596211819513606894e-04
-2.598717212677001940e-04
-2.654761684184171831e-04
-2.595392184528878148e-04
-2.562551498413085695e-04
-2.558522224426269700e-04
-2.600799602677065798e-04
-2.690351527670155514e-04
-2.582345008850097734e-04
-2.572700977325439358e-04
-2.640449419254209699e-04
-2.643249688609953640e-04
-2.623418721642513840e-04
-2.573437690734863112e-04
-2.551169395446777370e-04
-2.632580937877778294e-04
-2.559480667114257544e-04
-2.627420425415039019e-04
-2.576730337487645635e-04
-2.617220878601074128e-04
-2.632908901925814409e-04
-2.564089298248291271e-04
-2.531137466430663984e-04
-2.544405460357666068e-04
-2.559260670918537357e-04
-2.547998428344726762e-04
-2.549493312835693446e-04
-2.564749717712402162e-04
-2.565684318542480412e-04
-2.598710060119629062e-04
-2.567787170410156341e-04
-2.646646668425703245e-04
-2.568845748901367183e-04
-2.600946426391601419e-04
-2.575719356536865321e-04
-2.588107585906982300e-04
-2.623980244000752803e-04
-2.629921269514923741e-04
-2.653654349052299842e-04
-2.591703311506523915e-04
-2.632897541704905362e-04
-2.656507590585503687e-04
-2.570681571960449171e-04
-2.661729852358500018e-04
-2.557616233825683503e-04
-2.653927219157316037e-04
-2.581000328063964735e-04
-2.606144870620176121e-04
-2.546956740229962572e-04
-2.543880939483642565e-04
-2.604672908782959084e-04
-2.563726902008056792e-04
-2.542102193257895115e-04
-2.612478761787873885e-04
-2.630987474995274663e-04
-2.581329345703125243e-04
-2.527303695678710985e-04
-2.590503692626953264e-04
-2.577223777770995842e-04
-2.562303140939000095e-04
-2.583436965942382548e-04
-2.673231525185667612e-04
-2.568430900573730516e-04
-2.607054499737230147e-04
-2.648443856498686210e-04
-2.564055919647216758e-04
-2.554359436035156194e-04
-2.550268173217773633e-04
-2.572162151336670100e-04
-2.563004493713378793e-04
-2.552058696746826311e-04
-2.591202259063720586e-04
-2.552313976977244937e-04
-2.613214235151967765e-04
-2.549901008605957235e-04
-2.631312872032564015e-04
-2.545425891876220478e-04
-2.621868510305145868e-04
-2.607431838182899288e-04
-2.579953670501709232e-04
-2.615355676220309437e-04
-2.571301287915333188e-04
-2.559330089982733898e-04
-2.606899738311767604e-04
-2.597322463989257713e-04
-2.564412044234065267e-04
-2.553127855660924797e-04
-2.522652149200439449e-04
-2.672777597205227207e-04
-2.661412020763718697e-04
-2.521677017211913807e-04
-2.561037540435790794e-04
-2.557096481323241919e-04
-2.601386074081482288e-04
-2.567863847357202290e-04
-2.572033405303955048e-04
-2.593555450439453199e-04
-2.588109970092773260e-04
-2.566331840423216192e-04
-2.552740573883056376e-04
-2.566933631896972873e-04
-2.547164997422551652e-04
-2.550184726715087891e-04
-2.640691714558175023e-04
-2.566066132970603155e-04
-2.590527534484863398e-04
-2.580208778381347834e-04
-2.653856991756300249e-04
-2.552294731140136697e-04
-2.597976596124710680e-04
-2.592628002166747826e-04
-2.639054274949870975e-04
-2.560026645660400221e-04
-2.541248798370361215e-04
-2.944824695587157934e-04
-2.632946384196378645e-04
-2.649596066978888629e-04
-2.542510032653808472e-04
-2.746788163979848479e-04
-2.528972625732422031e-04
-2.600250244140625056e-04
-2.562516185653257342e-04
-2.639656694828237363e-04
-2.576763850139326593e-04
-2.587296962738037183e-04
-2.555050045610910347e-04
-2.612244173226107723e-04
-2.546472549438476523e-04
-2.620984469690630495e-04
-2.574259976306593803e-04
-2.545577933989375680e-04
-2.620141368266964868e-04
-2.616429328918457226e-04
-2.595906257629394310e-04
-2.572009563446044913e-04
-2.827952737393586735e-04
-2.643833180520102177e-04
-2.560905184611737828e-04
-2.583265304565429688e-04
-2.669098508005906937e-04
-2.571988105773925738e-04
-2.558643080623274535e-04
-2.572226524353027084e-04
-2.611561951388317068e-04
-2.575716972351074362e-04
-2.661737394921573699e-04
-2.517611980438232339e-04
-2.556850910186767695e-04
-2.663108435544100428e-04
-2.547886371612548967e-04
-2.636322975158691181e-04
-2.549097537994384995e-04
-2.604488388122803608e-04
-2.544705867767333980e-04
-2.572362422943115013e-04
-2.623615477249207207e-04
-2.653791058448053001e-04
-2.561608950297037941e-04
-2.658232249350213935e-04
-2.627484500408172607e-04
-2.578396797180175981e-04
-2.577915191650390829e-04
-2.650736320403314231e-04
-2.539277076721191298e-04
-2.650984975158190851e-04
-2.539732456207275356e-04
-2.649798084367142046e-04
-2.693720485853112116e-04
-2.650363791373468040e-04
-2.572233676910400503e-04
-2.654290582281518696e-04
-2.518179416656494193e-04
-2.595334646692237768e-04
-2.657313172410174259e-04
-2.572350502014160217e-04
-2.600197889366928357e-04
-2.581233978271484162e-04
-2.553417682647705065e-04
-2.663993736520347774e-04
-2.550132274627685703e-04
-2.639790778218010473e-04
-2.641360516901369187e-04
-2.520320415496826011e-04
-2.623485274104229276e-04
-2.646258002833316229e-04
-2.584815025329590061e-04
-2.573413848876952978e-04
-2.626946652270703716e-04
-2.603856658163341089e-04
-2.753100395202636537e-04
-2.587711811065673850e-04
-2.584149837493896710e-04
-2.587389945983886762e-04
-2.590620517730712977e-04
-2.621713979744616616e-04
-2.563665190853746780e-04
-2.559816837310790929e-04
-2.550263404846191172e-04
-2.602531909942626723e-04
-2.665221691131591797e-04
-2.579877376556396367e-04
-2.554884876113340184e-04
-2.577366828918457192e-04
-2.672331301926525243e-04
-2.580783367156982565e-04
-2.580206394195556875e-04
-2.580641742690978650e-04
-2.562055587768554787e-04
-2.589163780212402183e-04
-2.682334111060625408e-04
-2.597900758306664307e-04
-2.581443786621093997e-04
-2.530078887939453142e-04
-2.547028064727783038e-04
-2.590116248073347943e-04
-2.590050502699248647e-04
-2.537460327148437526e-04
-2.601764288293309697e-04
-2.526545524597168055e-04
-2.653645198853289353e-04
-2.545890105198103897e-04
-2.603886127471923559e-04
-2.637844412557540296e-04
-2.656836509704589718e-04
-2.605333620188187522e-04
-2.653896808624267578e-04
-2.659363746643066150e-04
-2.535981346804454055e-04
-2.620692253112793190e-04
-2.538702487945556567e-04
-2.628014249316716709e-04
-2.614891672708901760e-04
-2.676735278300322964e-04
-2.552953111120017217e-04
-2.548828125000000095e-04
-2.641615367704822363e-04
-2.621373822612147212e-04
-2.664402753365140088e-04
-2.521972656249999801e-04
-2.550246715545654457e-04
-2.650216401341449601e-04
-2.513076679640081999e-04
-2.524244785308837630e-04
-2.550740242004394405e-04
