-1.865584850311279171e-04
-1.864757537841796797e-04
-1.863827705383300736e-04
-1.891777515411377075e-04
-1.866063439702413096e-04
-1.875646114349365174e-04
-1.864830652872721264e-04
-1.883949620656698992e-04
-1.866355478524204300e-04
-1.866997006427810934e-04
-1.898881408476060480e-04
-1.864705085754394609e-04
-1.864159107208251931e-04
-1.868138313293456968e-04
-1.864849802959396097e-04
-1.873495578765869247e-04
-1.865615844726562454e-04
-1.866661879911001357e-04
-1.865350098973775838e-04
-1.872804270211951333e-04
-1.864371050792525543e-04
-1.864459514617919844e-04
-1.864868953046070930e-04
-1.889632408877453247e-04
-1.908241495912374290e-04
-1.866397857666015519e-04
-1.868107318878173956e-04
-1.867506504058837860e-04
-1.867899894714355352e-04
-1.863441467285156122e-04
-1.882722377777099726e-04
-1.924203768853218377e-04
-1.864740848541259811e-04
-1.874417665014305200e-04
-1.889574958617428748e-04
-1.868391036987304612e-04
-1.871999966571608618e-04
-1.866580492042633317e-04
-1.863607441086366848e-04
-1.907416475497610139e-04
-1.865651607513427656e-04
-1.864838600158691309e-04
-1.865043697586978781e-04
-1.863937780081507717e-04
-1.880500316619873125e-04
-1.870372209204248625e-04
-1.894872351343851989e-04
-1.892144680023193472e-04
-1.904269461689690431e-04
-1.901912112389841317e-04
-1.892203308013548223e-04
-1.865699291229247925e-04
-1.893211756983110964e-04
-1.865242379736230173e-04
-1.876244104530916585e-04
-1.866429685110069278e-04
-1.863193320462023855e-04
-1.865754644554781685e-04
-1.865239985975395819e-04
-1.866190309026633865e-04
-1.865568161010742185e-04
-1.866848593256080979e-04
-1.870740848372738890e-04
-1.868026323586582666e-04
-1.866288453220842384e-04
-1.872088909149169952e-04
-1.894404888153076235e-04
-1.864106655120849744e-04
-1.885555834176550068e-04
-1.865196898280377445e-04
-1.866016387939453095e-04
-1.866264515612498843e-04
-1.885380744934081899e-04
-1.892070135762614457e-04
-1.864998340606689373e-04
-1.863676860150563117e-04
-1.865482330322265755e-04
-1.869405129827170101e-04
-1.866161583896621616e-04
-1.908614932293872790e-04
-1.867047275405332371e-04
-1.906054775889326979e-04
-1.867012977600097641e-04
-1.868146011628300373e-04
-1.865062847673653614e-04
-1.865150928497314559e-04
-1.867322557901282824e-04
-1.863818168640136628e-04
-1.866049766540527337e-04
-1.895360678554059959e-04
-1.865441799163818364e-04
-1.864473819732666141e-04
-1.866245365525824010e-04
-1.864497920116746311e-04
-1.863842029648133552e-04
-1.863465309143066528e-04
-1.916723038122905825e-04
-1.865426699320475170e-04
-1.868553161621093635e-04
-1.890750661973030389e-04
-1.867969036102294796e-04
-1.864878528089408346e-04
-1.866445541381836059e-04
-1.865186691284179761e-04
-1.867978448369895584e-04
-1.868629455566406228e-04
-1.863834857940673885e-04
-1.866805553436279308e-04
-1.864234606424967358e-04
-1.868228912353515588e-04
-1.899264902474889912e-04
-1.864035924275716236e-04
-1.865241527557373179e-04
-1.867008975231982705e-04
-1.887961563815074881e-04
-1.867778301239013720e-04
-1.868407726287841868e-04
-1.865479362058830961e-04
-1.868712902069091699e-04
-1.903003261935326247e-04
-1.877532005310058661e-04
-1.867341995239257878e-04
-1.864840227916058680e-04
-1.864562551659273873e-04
-1.864177156164942859e-04
-1.866278878177504968e-04
-1.889663527768299851e-04
-1.874788697943630090e-04
-1.864160399839102380e-04
-1.864523887634277370e-04
-1.864461898803710803e-04
-1.867742538452148518e-04
-1.868502681992618866e-04
-1.866116523742675822e-04
-1.868909621334458797e-04
-1.900628689796693741e-04
-1.891236228636469698e-04
-1.882683321175326202e-04
-1.865961551666259677e-04
-1.866439260153406694e-04
-1.901354246992405868e-04
-1.867561933984718237e-04
-1.877125008517958632e-04
-1.870633129135193225e-04
-1.864864165524402222e-04
-1.867425441741943349e-04
-1.866095066070556647e-04
-1.878867149353027281e-04
-1.884818555839569269e-04
-1.863794326782226493e-04
-1.876587867736816302e-04
-1.863238811492919978e-04
-1.866618792215982983e-04
-1.866077802267419221e-04
-1.863116720115324523e-04
-1.874580440751041281e-04
-1.899941313651300342e-04
-1.865165233612060586e-04
-1.868038292390754437e-04
-1.863403320312499961e-04
-1.866567134857177691e-04
-1.872131623417498095e-04
-1.865043640136718683e-04
-1.879339237289735115e-04
-1.866247759286658364e-04
-1.894702394324612846e-04
-1.867051124572753802e-04
-1.865316586322095151e-04
-1.865816882336474893e-04
-1.864313600532501044e-04
-1.866898862233602415e-04
-1.911725316728864405e-04
-1.864718146113506891e-04
-1.868591251143489969e-04
-1.864507198333740113e-04
-1.883123773168847361e-04
-1.864368657031691189e-04
-1.921219130357106617e-04
-1.865375041961669879e-04
-1.864335536956786981e-04
-1.895677658819383234e-04
-1.893768827599215279e-04
-1.901142597198486443e-04
-1.879942465019992083e-04
-1.869239807128906161e-04
-1.863396167755127083e-04
-1.889189563123097734e-04
-1.869223117828369175e-04
-1.894790963475483949e-04
-1.865022182464599507e-04
-1.911105679683998014e-04
-1.869610993258924284e-04
-1.867482939877184551e-04
-1.871666908264160137e-04
-1.888208121181013084e-04
-1.863195896148681628e-04
-1.897287656025714218e-04
-1.865549087524413969e-04
-1.878848075866699336e-04
-1.872112473330823262e-04
-1.892583915986210529e-04
-1.890096933610977770e-04
-1.864059861884059777e-04
-1.864206790924072201e-04
-1.878187656402587904e-04
-1.991079971853610753e-04
-1.866721723931860210e-04
-1.867496967315673752e-04
-1.866321563720703197e-04
-1.865887641906738314e-04
-1.864485740661621209e-04
-1.879652819959035234e-04
-1.896957317030573348e-04
-1.900045871734619169e-04
-1.887037572133014459e-04
-1.866960525512695182e-04
-1.871669627576468019e-04
-1.902253397049442441e-04
-1.870079040527343874e-04
-1.864856984241899159e-04
-1.895627187144371657e-04
-1.866673848715173127e-04
-1.920074224472045844e-04
-1.865017414093017589e-04
-1.864540576934814356e-04
-1.902308890490027923e-04
-1.866082589789087929e-04
-1.866934299468994089e-04
-1.864045499319053653e-04
-1.866600513458251934e-04
-1.884035796046735741e-04
-1.893365383148193338e-04
-1.864242553710937402e-04
-1.870129108428955102e-04
-1.865247167257898882e-04
-1.890834076816298476e-04
-1.864687027222660287e-04
-1.922348333943274827e-04
-1.868131160736084091e-04
-1.867759227752685504e-04
-1.867940148196545918e-04
-1.865500905906340148e-04
-1.864988641087788636e-04
-1.913635730743408069e-04
-1.863458156585693379e-04
-1.865931782856523620e-04
-1.864919222023592366e-04
-1.866238184243320948e-04
-1.910477876663208008e-04
-1.864023955471544466e-04
-1.901876495545168908e-04
-1.868593692779541026e-04
-1.894553981152882890e-04
-1.869997978210449091e-04
-1.869838237762451298e-04
-1.866707361366854085e-04
-1.864225864410400417e-04
-1.866511072978437318e-04
-1.884109973907470805e-04
-1.879980765193341749e-04
-1.873979568481445358e-04
-1.902109192263695388e-04
-1.885022025510489098e-04
-1.909477710723877023e-04
-1.866676242476007482e-04
-1.865335736408769713e-04
-1.898498535156250026e-04
-1.867262713880423971e-04
-1.891221866071463573e-04
-1.867663860321044965e-04
-1.863980293273925651e-04
-1.864974278522782511e-04
-1.892421034074598699e-04
-1.864021561710710111e-04
-1.865661144256591764e-04
-1.864969730377197320e-04
-1.868619918823242120e-04
-1.864650249481201191e-04
-1.902630937244245474e-04
-1.868569850921630892e-04
-1.868155586671637789e-04
-1.867411127052153927e-04
-1.867651939392089898e-04
-1.866490840911865369e-04
-1.911457704038036181e-04
-1.907985373194437926e-04
-1.939759921219389230e-04
-1.865278286148745485e-04
-1.866164207458496092e-04
-1.867725849151611261e-04
-1.873345375061035291e-04
-1.866671454954338773e-04
-1.865353584289550703e-04
-1.866412162780761816e-04
-1.863806247711181560e-04
-1.865307011278757735e-04
-1.866807937622070267e-04
-1.867894666740693189e-04
-1.872224980090037906e-04
-1.865613460540771495e-04
-1.865274906158447151e-04
-1.866637942302657816e-04
-1.865943751660695390e-04
-1.884000301361083969e-04
-1.906573772430419813e-04
-1.863613128662109254e-04
-1.909105401290090375e-04
-1.908106568418903109e-04
-1.867253138837086555e-04
-1.864129280948256047e-04
-1.894034535051828316e-04
-1.865615806426389146e-04
-1.876818607131161304e-04
-1.866377022371713487e-04
-1.864040711797384944e-04
-1.865160991867862133e-04
-1.978270317378797143e-04
-1.866685817519344898e-04
-1.865742675750609915e-04
-1.884636630016158355e-04
-1.866734027862548904e-04
-1.866152008853284199e-04
-1.897939786254635743e-04
-1.864545795333433394e-04
-1.864677452179322871e-04
-1.868073940277099713e-04
-1.864883315611077055e-04
-1.865346431732177825e-04
-1.877412796020507717e-04
-1.866238117218017455e-04
-1.897093761398131533e-04
-1.887540261908228554e-04
-1.864433288574218750e-04
-1.870324333987561543e-04
-1.902994586200248799e-04
-1.865158081054687437e-04
-1.867645715613920631e-04
-1.881775856018066408e-04
-1.863028150964453420e-04
-1.865055666391150552e-04
-1.863389015197753934e-04
-1.866214246634977406e-04
-1.885146501073875513e-04
-1.896369457244873004e-04
-1.866410535023394445e-04
-1.865876726357333746e-04
-1.910808135052116468e-04
-1.906675051867477363e-04
-1.865031719207763615e-04
-1.865944862365722691e-04
-1.906434051421007192e-04
-1.866836624451909208e-04
-1.864318847656249996e-04
-1.899863061634635120e-04
-1.866211852874143052e-04
-1.871905326843261753e-04
-1.866633154780989107e-04
-1.863521265696330370e-04
-1.913621540992490829e-04
-1.881041526794433613e-04
-1.908396006611639488e-04
-1.864579307985114352e-04
-1.875815391540527346e-04
-1.868324279785156126e-04
-1.868782043457031144e-04
-1.866345903480866883e-04
-1.882951259613037235e-04
-1.868391036987304612e-04
-1.876739613023627618e-04
-1.863827705383300736e-04
-1.865653991699218616e-04
-1.863332158590416394e-04
-1.866556554434289775e-04
-1.866515860500106026e-04
-1.865799427032470653e-04
-1.863193320462023855e-04
-1.897259104636407764e-04
-1.867482939877184551e-04
-1.870207786560058654e-04
-1.889129719102239152e-04
-1.866625973498486045e-04
-1.864104270935058514e-04
-1.864287269163323148e-04
-1.896569527775408251e-04
-1.867218017578125015e-04
-1.864402169683372146e-04
-1.866716936410191502e-04
-1.866290569305419913e-04
-1.881438565541462599e-04
-1.863638559977213451e-04
-1.864912040741089304e-04
-1.907209392453803275e-04
-1.902826401868812410e-04
-1.877942085266113409e-04
-1.866946737450289498e-04
-1.866805505561062604e-04
-1.866264515612498843e-04
-1.881304514934739039e-04
-1.889228820800781196e-04
-1.868271827697753939e-04
-1.895521436968157351e-04
-1.863596439361572268e-04
-1.871085166931152257e-04
-1.901895288498170792e-04
-1.914113637351204746e-04
-1.869821644212347448e-04
-1.868326663970947357e-04
-1.888416378373601893e-04
-1.901188685048011155e-04
-1.898343304553663845e-04
-1.869461536407470792e-04
-1.864617608158464018e-04
-1.864165187360771088e-04
-1.865971088409423785e-04
-1.866333484649658264e-04
-1.875479221343994232e-04
-1.864222637620795587e-04
-1.889163231753920110e-04
-1.865682601928710940e-04
-1.865084171295166074e-04
-1.896211216526646733e-04
-1.865305900573730434e-04
-1.936296382582331161e-04
-1.869115829467773570e-04
-1.908446992597272337e-04
-1.867947578430175892e-04
-1.866032320811566493e-04
-1.866161823272705132e-04
-1.907634441969824628e-04
-1.888471434872792038e-04
-1.866006851196288987e-04
-1.911827566201794871e-04
-1.871695518493652461e-04
-1.866955757141113264e-04
-1.866578098281798962e-04
-1.867257926358755263e-04
-1.864495526355911957e-04
-1.890771389007568420e-04
-1.865163385628696487e-04
-1.867935657501220825e-04
-1.863937780081507717e-04
-1.866149902343750065e-04
-1.875734329223632834e-04
-1.864078044891357420e-04
-1.867293832771270575e-04
-1.865943751660695390e-04
-1.865491867065429592e-04
-1.868793964385986211e-04
-1.872830390930175896e-04
-1.864600851832623539e-04
-1.863722341606415846e-04
-1.863540415783004932e-04
-1.865098754086168926e-04
-1.867148876190185571e-04
-1.867825247676496920e-04
-1.896138191223144536e-04
-1.870822906494140506e-04
-1.880061626434326053e-04
-1.876136385293370650e-04
-1.866046683376572618e-04
-1.864222637620795587e-04
-1.875226497650146588e-04
-1.909168399110132300e-04
-1.869859695434570202e-04
-1.866233348846435536e-04
-1.868481636047363231e-04
-1.868560132252643365e-04
-1.864364147186279306e-04
-1.866647517345995232e-04
-1.866383552551269492e-04
-1.863880157470703194e-04
-1.907171757240605438e-04
-1.865711556859763311e-04
-1.874032020568847546e-04
-1.866671454954338773e-04
-1.870625947852690163e-04
-1.863894462585449221e-04
-1.866142749786376916e-04
-1.866997006427810934e-04
-1.869979632427414820e-04
-1.864976672283616865e-04
-2.015166218505311919e-04
-1.902044788608706039e-04
-1.866245365525824010e-04
-1.863520145416259675e-04
-1.864423751831054642e-04
-1.894600929752472847e-04
-1.868884563446044831e-04
-1.865768432617187370e-04
-1.869516372680663939e-04
-1.863585897238857661e-04
-1.863780021667480467e-04
-1.868183612823486278e-04
-1.864935978349432845e-04
-1.870052814483642509e-04
-1.863909054951495468e-04
-1.895367859836563022e-04
-1.873481273651122949e-04
-1.866379416132547841e-04
-1.915592300005195523e-04
-1.877899169921875059e-04
-1.890788595360445748e-04
-1.866793632507324240e-04
-1.891303253939831614e-04
-1.866664886474609460e-04
-1.869158744812011649e-04
-1.864555370376770810e-04
-1.879485256700630716e-04
-1.864325569336672814e-04
-1.868064403533935605e-04
-1.866185521504965157e-04
-1.868555545806884865e-04
-1.866884231567382860e-04
-1.894850807496342802e-04
-1.866388991175885258e-04
-1.911147823178671308e-04
-1.866049077137406972e-04
-1.871016025543212813e-04
-1.864521857725089853e-04
-1.871178150177001836e-04
-1.865972476790707640e-04
-1.865243911743164138e-04
-1.864116191864013581e-04
-1.864344719423347647e-04
-1.865230410932058403e-04
-1.863541603088378850e-04
-1.904053553458182990e-04
-1.873476505279541031e-04
-1.867535114288330184e-04
-1.870706081390380792e-04
-1.865203380584716747e-04
-1.866922378540039021e-04
-1.863583503478023306e-04
-1.865708827972412033e-04
-1.864354294466685064e-04
-1.863121986389160265e-04
-1.866542191869283651e-04
-1.866748055301038105e-04
-1.864191518729948983e-04
-1.870798298632763389e-04
-1.900628689796693741e-04
-1.891863393975070208e-04
-1.878483295440673898e-04
-1.883499593619840688e-04
-1.865084171295166074e-04
-1.865062847673653614e-04
-1.894633769989013743e-04
-1.866353084763369946e-04
-1.864867210388183633e-04
-1.865899562835693381e-04
-1.863474845886230365e-04
-1.877364384601393774e-04
-1.920711994171142621e-04
-1.873359680175781317e-04
-1.922235256288109769e-04
-1.865950932943198453e-04
-1.867774978698975483e-04
-1.910575589195626610e-04
-1.863289070895398020e-04
-1.889165625514754464e-04
-1.880428398469365700e-04
-1.863664891346391347e-04
-1.868858337402343737e-04
-1.865433880602978232e-04
-1.871949697594087181e-04
-1.899664921145285338e-04
-1.880180835723876996e-04
-1.893732547760009735e-04
-1.917709538966049496e-04
-1.864571571350097639e-04
-1.863202895505361271e-04
-1.864113807678222622e-04
-1.899896845643819603e-04
-1.863315105438232300e-04
-1.892339752381106408e-04
-1.879477500915527214e-04
-1.864886283874511849e-04
-1.886611482704499696e-04
-1.866597248368473795e-04
-1.865651607513427656e-04
-1.913153502835806044e-04
-1.863486766815185432e-04
-1.869592666625976532e-04
-1.870580466396837434e-04
-1.889256588426459649e-04
-1.863932992559839009e-04
-1.864842621676893034e-04
-1.865828037261962977e-04
-1.902214395321481658e-04
-1.866640336063492170e-04
-1.866388991175885258e-04
-1.863985655298194800e-04
-1.866834230691074854e-04
-1.864907741546630753e-04
-1.865591868818045605e-04
-1.866848468780517658e-04
-1.882407665252685517e-04
-1.871784528096517017e-04
-1.899246727266619265e-04
-1.870628341613524517e-04
-1.865077018737792925e-04
-1.895243384273176607e-04
-1.896734697272978686e-04
-1.866187915265799511e-04
-1.865701675415039156e-04
-1.869060428267023107e-04
-1.868493556976318299e-04
-1.867694854736328249e-04
-1.866592460846805087e-04
-1.863458156585693379e-04
-1.900637149810790886e-04
-1.865393186668794212e-04
-1.866862955821087103e-04
-1.866025924682617203e-04
-1.879129409790039032e-04
-1.866977856341136101e-04
-1.913678889371910952e-04
-1.873810291290283186e-04
-1.951727461307606857e-04
-1.864672664657654163e-04
-1.888496875762939360e-04
-1.866149902343750065e-04
-1.864016056060791124e-04
-1.865137054259518592e-04
-1.880743503570556660e-04
-1.867389583204644740e-04
-1.867575645446777305e-04
-1.867685317993164141e-04
-1.906036842064779237e-04
-1.879190824118005159e-04
-1.889232650818116108e-04
-1.869308948516845606e-04
-1.899694141588712979e-04
-1.900452908461656065e-04
-1.868433952331542962e-04
-1.881469684432309202e-04
-1.865943751660695390e-04
-1.867411127052153927e-04
-1.868183612823486278e-04
-1.901385764921865226e-04
-1.945212865487123196e-04
-1.897569144925763548e-04
-1.879923314933317250e-04
-1.864957522196942032e-04
-1.867277622222900352e-04
-1.864426136016845601e-04
-1.892945373872197731e-04
-1.866305209546682863e-04
-1.866149615092449845e-04
-2.024791457436301472e-04
-1.866881847381591901e-04
-1.865611018904720438e-04
-1.863944961364010779e-04
-1.864330356858341523e-04
-1.865134239196777303e-04
-1.867918604349036731e-04
-1.865342917691272776e-04
-1.890647363471218854e-04
-1.863782405853271426e-04
-1.871451795340541794e-04
-1.900042257001322954e-04
-1.868483531905944033e-04
-1.865467393254659190e-04
-1.866531372070312489e-04
-1.868014335632324106e-04
-1.889936416503415950e-04
-1.867372989654540890e-04
-1.865316586322095151e-04
-1.869146823883056582e-04
-1.864229818903298649e-04
-1.887880175946706840e-04
-1.865031728782807010e-04
-1.864650249481201191e-04
-1.866228609199983531e-04
-1.868650913238525404e-04
-1.863880157470703194e-04
-1.863267527047888833e-04
-1.870667934417724631e-04
-1.877810955047607398e-04
-1.889000456017184029e-04
-1.872851848602294800e-04
-1.867344379425048837e-04
-1.863660103824722638e-04
-1.868519783020019664e-04
-1.867361068725585823e-04
-1.868398189544677760e-04
-1.872613430023193455e-04
-1.865880489349365165e-04
-1.864480972290039019e-04
-1.863245983200379646e-04
-1.865909099578857489e-04
-1.868646144866943485e-04
-1.876909570042866761e-04
-1.865060453912819260e-04
-1.866879712146927582e-04
-1.865474574537162253e-04
-1.867873122893184002e-04
-1.866034714572400847e-04
-1.866125677484106304e-04
-1.870388984680175894e-04
-1.864678859710693244e-04
-1.863865852355956897e-04
-1.864213943481445349e-04
-1.865323767604598214e-04
-1.876457149245174102e-04
-1.867346763610839796e-04
-1.932458032535601400e-04
-1.896694003338794665e-04
-1.865622997283935603e-04
-1.866661879911001357e-04
-1.884820949600403623e-04
-1.866002082824707068e-04
-1.866719330171025856e-04
-1.867580413818359494e-04
-1.866269303134167551e-04
-1.892696422745425173e-04
-1.930345890493045545e-04
-1.863818168640136628e-04
-1.864414215087890534e-04
-1.866850987016915333e-04
-1.866006851196288987e-04
-1.864892890654414471e-04
-1.864354294466685064e-04
-1.868184311801650039e-04
-1.864253756511642191e-04
-1.865134239196777303e-04
-1.873540878295898557e-04
-1.866427291349234924e-04
-1.867589950561523331e-04
-1.863629817962646510e-04
-1.864971884761948157e-04
-1.865034122543641365e-04
-1.865425109863281378e-04
-1.868453025817871178e-04
-1.866532616825946234e-04
-1.866501497935099901e-04
-1.863627433776855551e-04
-1.867648109374754986e-04
-1.866319179534912237e-04
-1.899080276489257906e-04
-1.865280679909579839e-04
-1.867239475250244190e-04
-1.864013671874999894e-04
-1.865506172180175890e-04
-1.962453255921731252e-04
-1.867513656616211009e-04
-1.881203651428222637e-04
-1.863412857055664069e-04
-1.866245269775390603e-04
-1.875712689625690240e-04
-1.868298053741455033e-04
-1.895889159171812118e-04
-1.877594185641491770e-04
-1.876943082694547719e-04
-1.865323767604598214e-04
-1.865105935368671988e-04
-1.890154248739342176e-04
-1.885220707659740491e-04
-1.867530345916747995e-04
-1.867952117000717688e-04
-1.909184455871581988e-04
-1.901964987477948606e-04
-1.867444515228271565e-04
-1.864296844206660565e-04
-1.866116102440768887e-04
-1.894778994671312178e-04
-1.904390207151087299e-04
-1.866242971764989656e-04
-1.865212917327880855e-04
-1.865003003652794761e-04
-1.864104270935058514e-04
-1.898386392248682219e-04
-1.864531432768427269e-04
-1.864473982508402770e-04
-1.889864603678385326e-04
-1.889711402984986933e-04
-1.872684955596923858e-04
-1.865115165710449086e-04
-1.864712238311767487e-04
-1.866388991175885258e-04
-1.876616477966308626e-04
-1.864073276519775501e-04
-1.863569140913017182e-04
-1.865079603999494093e-04
-1.942791938781738247e-04
-1.863674466389728763e-04
-1.865177154541015653e-04
-1.878056181482521845e-04
-1.891434910785721091e-04
-1.865721131903100728e-04
-1.875813007354736387e-04
-1.867578029632568264e-04
-1.891717374564174606e-04
-1.864959915957776387e-04
-1.871089935302734447e-04
-1.867680549621581951e-04
-1.873755455017089768e-04
-1.865580081939697253e-04
-1.866233396721652239e-04
-1.868422031402587895e-04
-1.865282058715820299e-04
-1.890590190887451181e-04
-1.867430277138828760e-04
-1.906519982872939632e-04
-1.867145419599540619e-04
-1.865851879119873112e-04
-1.899503892467868031e-04
-1.866997006427810934e-04
-1.868293285369873114e-04
-1.868698596954345673e-04
-1.866250153047492718e-04
-1.866508679217602964e-04
-1.866223821678314823e-04
-1.865365505218505770e-04
-1.865761280059814492e-04
-1.865580081939697253e-04
-1.866063439702413096e-04
-1.864191518729948983e-04
-1.866140365600585957e-04
-1.864223480224609457e-04
-1.863913536071777437e-04
-1.884679717711176729e-04
-1.891226653593132282e-04
-1.897432804107666035e-04
-1.869232779047096604e-04
-1.900121569633483887e-04
-1.885185241699218633e-04
-1.866489529130928131e-04
-1.867238776272080430e-04
-1.882588863372802756e-04
-1.863508224487304607e-04
-1.890278724302728590e-04
-1.865907845248180349e-04
-1.887487599169872764e-04
-1.874403953552246133e-04
-1.868369579315185436e-04
-1.864011986667372695e-04
-1.868813037872314427e-04
-1.866736412048339863e-04
-1.868662834167480471e-04
-1.895295516137153924e-04
-1.884069442749023414e-04
-1.867105960845947220e-04
-1.902121763962965641e-04
-1.863447059110465392e-04
-1.865374036582119379e-04
-1.867816448211669881e-04
-1.865396499633789054e-04
-1.864049434661865367e-04
-1.916560915208631902e-04
-1.863989830017089759e-04
-1.920295948804166830e-04
-1.864083799492403319e-04
-1.866819858551025334e-04
-1.865184929476205674e-04
-1.864361475749188126e-04
-1.865644531556401396e-04
-1.863350868225097773e-04
-1.865936570378192328e-04
-1.865558624267578077e-04
-1.865220069885254004e-04
-1.864130496978759878e-04
-1.864148431034930609e-04
-1.867668628692626884e-04
-1.868318362408373599e-04
-1.864113807678222622e-04
-1.869285106658935471e-04
-1.884978937815470995e-04
-1.896591186523437634e-04
-1.863911448712329822e-04
-1.866140040049112428e-04
-1.868329048156738316e-04
-1.909600095710291105e-04
-1.897337925003235654e-04
-1.865505693428008856e-04
-1.874207014060882308e-04
-1.889486312866211029e-04
-1.871810859465694913e-04
-1.874484690317667116e-04
-1.865364461538781963e-04
-1.871181300366260049e-04
-1.905599578482205830e-04
-1.866807937622070267e-04
-1.871726512908935473e-04
-1.866436866392572340e-04
-1.889211106970606921e-04
-1.864715752352672537e-04
-1.882046580793388275e-04
-1.875166912155457771e-04
-1.872009541614946034e-04
-1.866542191869283651e-04
-1.864306419249997981e-04
-1.865775585174560519e-04
-1.899657479251723718e-04
-1.895205084099826941e-04
-1.865285467431248548e-04
-1.863062381744384657e-04
-1.864098162057409443e-04
-1.878721714019775514e-04
-1.864079011970734610e-04
-1.880162691016752663e-04
-1.896588802337646404e-04
-1.865074816477825385e-04
-1.886305809020996042e-04
-1.882649808523645244e-04
-1.866685817519344898e-04
-1.875536441802978609e-04
-1.886654570399518070e-04
-1.868219375610351480e-04
-1.866187915265799511e-04
-1.864230632781982335e-04
-1.898120684796068911e-04
-1.897465407363767590e-04
-1.900524020673759369e-04
-1.864273548126220686e-04
-1.864764690399169946e-04
-1.872975826263427663e-04
-1.866175946461627740e-04
-1.866245269775390603e-04
-1.906274307158685596e-04
-1.867111906947859932e-04
-1.864585876464843665e-04
-1.892442684096983635e-04
-1.889644377681625018e-04
-1.870641708374023537e-04
-1.864254474639892470e-04
-1.865862363792327621e-04
-1.876454353332519603e-04
-1.864755153656005838e-04
-1.864581701745948706e-04
-1.883626462944061456e-04
-1.866197490309136927e-04
-1.867277076445430096e-04
-1.930696694920751451e-04
-1.901261806488037116e-04
-1.866697786323516669e-04
-1.865603837622217375e-04
-1.864222637620795587e-04
-1.864039897918701259e-04
-1.863636970520019659e-04
-1.865601539611816428e-04
-1.867425441741943349e-04
-1.894915439038870363e-04
-1.900429206509743959e-04
-1.864924009545261075e-04
-1.867971420288086026e-04
-1.867604255676269629e-04
-1.884384155273437624e-04
-1.869988441467285254e-04
-1.873795986175537159e-04
-1.865787506103515586e-04
-1.868352890014648451e-04
-1.865286827087402218e-04
-1.866564750671386732e-04
-1.864216327667236309e-04
-1.863959323929016904e-04
-1.863336946112085103e-04
-1.896904547687484107e-04
-1.915159225463867077e-04
-1.863413546458784435e-04
-1.864743232727050770e-04
-1.864782777656034181e-04
-1.885864629324181480e-04
-1.913328639796522837e-04
-1.865839958190918045e-04
-1.876463890075683711e-04
-1.913497322484066583e-04
-1.866836547851562591e-04
-1.864702701568603650e-04
-1.867935657501220825e-04
-1.878850460052490295e-04
-1.866381809893382195e-04
-1.867825984954833989e-04
-1.864167581121605442e-04
-1.870682239532470658e-04
-1.895779586700071660e-04
-1.864363869510022480e-04
-1.866475166565922006e-04
-1.875605583190918053e-04
-1.865950932943198453e-04
-1.866197490309136927e-04
-1.867530345916747995e-04
-1.865997314453124879e-04
-1.868169307708740252e-04
-1.895644011036042183e-04
-1.881285364848064206e-04
-1.870307922363281382e-04
-1.866913224798608540e-04
-1.901426622944493413e-04
-1.868090629577636699e-04
-1.866712570190429729e-04
-1.888921461909650343e-04
-1.863820552825927858e-04
-1.866695392562682315e-04
-1.886412800555248303e-04
-1.880202293395996172e-04
-1.863532066345214742e-04
-1.893658714600834989e-04
-1.864201093773286400e-04
-1.868112087249755875e-04
-1.866881847381591901e-04
-1.865417957305908229e-04
-1.867022514343261749e-04
-1.866612434387207001e-04
-1.864464282989502033e-04
-1.865036487579345805e-04
-1.863558292388916107e-04
-1.864895820617675686e-04
-1.863479614257812554e-04
-1.864809989929199256e-04
-1.881598947517364325e-04
-1.867291439010436221e-04
-1.876237392425537161e-04
-1.868227399496668413e-04
-1.864488124847412168e-04
-1.864354294466685064e-04
-1.872519412672663192e-04
-1.886518001556396565e-04
-1.870985031127929800e-04
-1.864075660705566460e-04
-1.872344017028808555e-04
-1.864519463964255499e-04
-1.873156153054601118e-04
-1.865723525663935082e-04
-1.866190309026633865e-04
-1.866617202758789190e-04
-1.880009490323353999e-04
-1.889839172363281129e-04
-1.864162793599936734e-04
-1.864584095506783060e-04
-1.870874898979462721e-04
-1.865460872650146580e-04
-1.897712950764397462e-04
-1.867272853851318433e-04
-1.902673244476318329e-04
-1.865943751660695390e-04
-1.866884499668596291e-04
-1.865263923583739361e-04
-1.864483557551740187e-04
-1.866281271938339322e-04
-1.864497661590576276e-04
-1.864309310913085888e-04
-1.863658428192138563e-04
-1.876481086853517644e-04
-1.866063439702413096e-04
-1.962995116328780307e-04
-1.865239143371581949e-04
-1.865646839141845738e-04
-1.866678636236841836e-04
-1.866385936737060451e-04
-1.871731281280517663e-04
-1.866118496201603241e-04
-1.864622395680132726e-04
-1.865620613098144644e-04
-1.863596439361572268e-04
-1.866049077137406972e-04
-1.902075544480354608e-04
-1.864898204803466916e-04
-1.867368221282958971e-04
-1.865163385628696487e-04
-1.864086193253237673e-04
-1.870999374542849135e-04
-1.864752769470214878e-04
-1.867113113403320369e-04
-1.866366863250732506e-04
-1.866345903480866883e-04
-1.885208738855568720e-04
-1.864811502786046431e-04
-1.865887641906738314e-04
-1.865905451487345995e-04
-1.866491922891762485e-04
-1.891068665378064909e-04
-1.863784579388109053e-04
-1.866353084763369946e-04
-1.914204403572557396e-04
-1.903099707331523324e-04
-1.867325305938720621e-04
-1.863574981689453092e-04
-1.866578098281798962e-04
-1.866499104174265547e-04
-1.865053176879882791e-04
-1.866659486150167003e-04
-1.867289543151855419e-04
-1.891262560005647594e-04
-1.874229907989502042e-04
-1.864600851832623539e-04
-1.865048408508300872e-04
-1.864695549011230501e-04
-1.863017082214355347e-04
-1.868197917938232305e-04
-1.866407394409179627e-04
-1.872200965881347747e-04
-1.864253756511642191e-04
-1.890776626556273977e-04
-1.866228580474853618e-04
-1.863448619842529271e-04
-1.866458410240081527e-04
-1.867928179392374147e-04
-1.865158598107027779e-04
-1.864356688227519418e-04
-1.863291263580322166e-04
-1.866886893429430645e-04
-1.872851848602294800e-04
-1.909075701823000092e-04
-1.887643193624105782e-04
-1.865543993601358522e-04
-1.867418308334656990e-04
-1.866546979390952359e-04
-1.875803470611572279e-04
-1.896871141640536871e-04
-1.866551766912621067e-04
-1.864612102508545030e-04
-1.874606609344482548e-04
-1.867394447326660065e-04
-1.907524081968492121e-04
-1.881709060515744615e-04
-1.908951876114825909e-04
-1.918704509735107502e-04
-1.864171028137206999e-04
-1.886873245239257895e-04
-1.867768764495849612e-04
-1.882443428039550718e-04
-1.868342300016717140e-04
-1.865863800048828179e-04
-1.968075399813444841e-04
-1.900308132171630920e-04
-1.867620944976806615e-04
-1.866400241851806749e-04
-1.863755854258096803e-04
-1.865766048431396411e-04
-1.913491359426955504e-04
-1.863679885864257739e-04
-1.884138727762612968e-04
-1.901748680299328298e-04
-1.869046688079833854e-04
-1.865215301513671814e-04
-1.903869272247562475e-04
-1.865733100707272498e-04
-1.866386597415050903e-04
-1.865259136062070652e-04
-1.864411744726709563e-04
-1.865601539611816428e-04
-1.886252418579346577e-04
-1.865110397338867168e-04
-1.892638972485400674e-04
-1.864435682335053104e-04
-1.864383220672607522e-04
-1.864392594640034730e-04
-1.864206790924072201e-04
-1.892050107320149830e-04
-1.866903305053710805e-04
-1.864695549011230501e-04
-1.880629062652587906e-04
-1.864182949066162066e-04
-1.864290237426757943e-04
-1.902046703523205251e-04
-1.866493225097656328e-04
-1.866438388824462910e-04
-1.871879100799560660e-04
-1.866058652180744388e-04
-1.880998611450195263e-04
-1.886613876465334050e-04
-1.873716293089839713e-04
-1.864873740567739638e-04
-1.877436637878417852e-04
-1.870799064636230371e-04
-1.866781711578369173e-04
-1.866020352007394722e-04
-1.883382797241210888e-04
-1.867609024047851547e-04
-1.864734902439347099e-04
-1.922210057576497432e-04
-1.927233543716558848e-04
-1.866798400878906159e-04
-1.864421367645263683e-04
-1.873595714569091704e-04
-1.864531432768427269e-04
-1.911947727203369078e-04
-1.892315814772762867e-04
-1.909589192953454377e-04
-1.863822937011718817e-04
-1.867280006408691311e-04
-1.863472461700439405e-04
-1.864089965820312487e-04
-1.865917420291517766e-04
-1.863481998443603513e-04
-1.866592460846805087e-04
-1.864129280948256047e-04
-1.895877142106333017e-04
-1.871936321258545037e-04
-1.874563694000244197e-04
-2.038913582443097224e-04
-1.903897331606957107e-04
-1.865262985229492083e-04
-1.864922046661377051e-04
-1.862865375227717611e-04
-1.872780332603607792e-04
-1.893055535131885081e-04
-1.865500905906340148e-04
-1.863863573495642739e-04
-1.892806535743805192e-04
-1.885094642639160284e-04
-1.866661879911001357e-04
-1.902837753295898312e-04
-1.865330948887101005e-04
-1.866410535023394445e-04
-1.890800564164617518e-04
-1.866973068819467393e-04
-1.864450044900059229e-04
-1.898984677395839933e-04
-1.881452928106468723e-04
-1.865421911798806462e-04
-1.863662497585556993e-04
-1.865243911743164138e-04
-1.865965295508204577e-04
-1.892962130198038210e-04
-1.864409350965875209e-04
-1.889713796745821287e-04
-1.867883205413818366e-04
-1.863861179734808385e-04
-1.865280679909579839e-04
-1.864955128436107678e-04
-1.865462605732990482e-04
-1.902013055739864200e-04
-1.896206409700455309e-04
-1.874456405639648320e-04
-1.900554672489321274e-04
-1.875750989799039906e-04
-1.863925457000732504e-04
-1.866427291349234924e-04
-1.899385259219026631e-04
-1.897122110089948118e-04
-1.865091572803665864e-04
-1.867182254791259813e-04
-1.869196872634581292e-04
-1.865015029907226630e-04
-1.882159709930419792e-04
-1.864206790924072201e-04
-1.876251697540283188e-04
-1.867733001708984410e-04
-1.885780847694979085e-04
-1.865666075403910583e-04
-1.865139007568359492e-04
-1.884169578552246141e-04
-1.901741027832031309e-04
-1.863586902618408160e-04
-1.887888908386230386e-04
-1.890149461217673467e-04
-1.865096360325334572e-04
-1.869859695434570202e-04
-1.864488124847412168e-04
-1.866487135370093777e-04
-1.867174144729552869e-04
-1.867928504943847676e-04
-1.903063800919008012e-04
-1.866304874420165940e-04
-1.903525212915932214e-04
-1.866108921158265825e-04
-1.863815784454345668e-04
-1.880300045013427669e-04
-1.889162063598632711e-04
-1.913771881320612339e-04
-1.893601417541503995e-04
-1.903767566604307854e-04
-1.898807694155528274e-04
-1.896492927428708919e-04
-1.865084171295166074e-04
-1.870095729827880859e-04
-1.865565776824951226e-04
-1.864430894813384396e-04
-1.906256695262721363e-04
-1.868884563446044831e-04
-1.863272190093994221e-04
-1.868042945861816430e-04
-1.864993572235107454e-04
-1.864490509033203127e-04
-1.865852788748990204e-04
-1.866108921158265825e-04
-1.905925419865822223e-04
-1.864062255644894132e-04
-1.865875720977783246e-04
-1.867676834504767235e-04
-1.894855595018011510e-04
-1.898131543590176403e-04
-1.874582834511875635e-04
-1.864421319770046979e-04
-1.864418983459472723e-04
-1.866479954087590714e-04
-1.866874924625258874e-04
-1.865788157206462643e-04
-1.871183694127094403e-04
-1.864798069000244188e-04
-1.874139308929443422e-04
-1.863377094268798867e-04
-1.866137646288278074e-04
-1.886086463928222641e-04
-1.865553568644695939e-04
-1.873809649762379524e-04
-1.874620914459228574e-04
-1.867191791534423921e-04
-1.875655651092529282e-04
-1.865132266737849884e-04
-1.894540844425078422e-04
-1.896105138173543822e-04
-1.864868953046070930e-04
-1.882381707310197853e-04
-1.873767375946044835e-04
-1.883287429809570349e-04
-1.866499104174265547e-04
-1.870769573502751139e-04
-1.866479954087590714e-04
-1.903874952285016040e-04
-1.866559982299804813e-04
-1.867568492889404427e-04
-1.864849802959396097e-04
-1.866438388824462910e-04
-1.867401552008816511e-04
-1.866846084594726428e-04
-1.868307590484619141e-04
-1.864643939527641913e-04
-1.864600181579589963e-04
-1.899347670616642148e-04
-1.864364147186279306e-04
-1.869668443518948783e-04
-1.864297389984130820e-04
-1.892548009573695217e-04
-1.864385413357531667e-04
-1.865663681643076229e-04
-1.863534450531005972e-04
-1.904617964736814465e-04
-1.873033046722412040e-04
-1.875801086425781319e-04
-1.872766017913818370e-04
-1.934942816883199960e-04
-1.865711556859763311e-04
-1.867351531982421986e-04
-1.868057250976562457e-04
-1.866731298975197626e-04
-1.865375041961669879e-04
-1.864864165524402222e-04
-1.867973804473876986e-04
-1.863540415783004932e-04
-1.866195096548302573e-04
-1.904793113832049095e-04
-1.863753460497262449e-04
-1.863653659820556645e-04
-1.946642398834228503e-04
-1.876838207244872986e-04
-1.866108921158265825e-04
-1.864378452301025332e-04
-1.869536786673059307e-04
-1.865371642821285025e-04
-1.864340305328369171e-04
-1.872792301407779562e-04
-1.867697238922119208e-04
-1.879028048381269349e-04
-1.893467213734086659e-04
-1.865263923583739361e-04
-1.885584559306562318e-04
-1.867406368255615132e-04
-1.937716694201453184e-04
-1.874759972813617840e-04
-1.865730706946438144e-04
-1.900301825615667432e-04
-1.869008541107177693e-04
-1.865501403808593700e-04
-1.867835521697998097e-04
-1.863628984933876035e-04
-1.863885117343151926e-04
-1.889122537819736089e-04
-1.865689754486084088e-04
-1.907576749354233090e-04
-1.865500905906340148e-04
-1.865010184935297823e-04
-1.867475758594681489e-04
-1.903671002098423386e-04
-1.866384203654216549e-04
-1.863427162170410096e-04
-1.894173373180220855e-04
-1.864624789440967080e-04
-1.867899894714355352e-04
-1.894514406881024778e-04
-1.864789958938537244e-04
-1.868007183074951228e-04
-1.866027533289897785e-04
-1.866927587363614665e-04
-1.894527649783705266e-04
-1.866888999938964779e-04
-1.864136462230758838e-04
-1.866384203654216549e-04
-1.864806715264377723e-04
-1.864344719423347647e-04
-1.865469787015493544e-04
-1.866599642129308150e-04
-1.866259574890136630e-04
-1.865622997283935603e-04
-1.866226196289062387e-04
-1.864919222023592366e-04
-1.877987384796142448e-04
-2.031269138806486802e-04
-1.898864584584389955e-04
-1.865587081296376896e-04
-1.868641376495361296e-04
-1.866283416748046764e-04
-1.866345903480866883e-04
-1.864974278522782511e-04
-1.865543993601358522e-04
-1.871329713537989734e-04
-1.888938218235490822e-04
-1.864871346806905284e-04
-1.865472180776327898e-04
-1.877064704895019536e-04
-1.865974870551541994e-04
-1.865460211972156128e-04
-1.872050762176513791e-04
-1.866853380777749687e-04
-1.868460178375244056e-04
-1.869275569915771363e-04
-1.863381862640380786e-04
-1.864924430847168010e-04
-1.864652633666992151e-04
-1.865711556859763311e-04
-1.901407395639727175e-04
-1.864507198333740113e-04
-1.866528987884521530e-04
-1.868232187018337121e-04
-1.891128509398923763e-04
-1.889610865029944060e-04
-1.863370458763766060e-04
-1.866629123687744258e-04
-1.914861202239990124e-04
-1.865835189819335855e-04
-1.866042613983154188e-04
-1.875851154327392548e-04
-1.881270408630371122e-04
-1.900138625179428626e-04
-1.887848377227783266e-04
-1.899704215972404075e-04
-1.865752250793947331e-04
-1.896547983927899064e-04
-1.876690387725829989e-04
-1.892574340942873112e-04
-1.866058652180744388e-04
-1.867277076445430096e-04
-1.888875961303710825e-04
-1.866554160673455421e-04
-1.864008903503417975e-04
-1.864359378814697387e-04
-1.872038841247558724e-04
-1.876862049102783121e-04
-1.852874755859375104e-04
-1.868929862976074141e-04
-1.866652304867663940e-04
-1.866558948195124129e-04
-1.865975856781005974e-04
-1.865739822387695317e-04
-1.872320730523412071e-04
-1.864213943481445349e-04
-1.866704967606019731e-04
-1.873147487640380794e-04
-1.884801387786865250e-04
-1.889740128114999183e-04
-1.864874362945556511e-04
-1.866166591644287051e-04
-1.874766349792480341e-04
-1.866240501403808685e-04
-1.867703165873945130e-04
-1.866740874018535043e-04
-1.867034435272216816e-04
-1.866168975830078010e-04
-1.865062847673653614e-04
-1.867280006408691311e-04
-1.868197917938232305e-04
-1.866542191869283651e-04
-1.911172463047889085e-04
-1.868345737457275302e-04
-1.865500905906340148e-04
-1.865536812318855460e-04
-1.873469735723901509e-04
-1.865158598107027779e-04
-1.866396172458388320e-04
-1.864517070203421144e-04
-1.956352899814474302e-04
-1.865532398223876983e-04
-1.864147186279296864e-04
-1.866362094879150317e-04
-1.901073321219413459e-04
-1.872837543487548774e-04
-1.873767375946044835e-04
-1.864476376269237124e-04
-1.868579387664795000e-04
-1.865911483764648448e-04
-1.953254441846593681e-04
-1.867463789790509718e-04
-1.867043972015380924e-04
-1.865267753601074273e-04
-1.900102342328717649e-04
-1.869874306950703238e-04
-1.874928474426269635e-04
-1.889920234680175911e-04
-1.863837242126464844e-04
-1.893024290761640012e-04
-1.884686946868896495e-04
-1.868150234222412036e-04
-1.872544288635254010e-04
-1.877472103838939710e-04
-1.865307011278757735e-04
-1.865685225490585416e-04
-1.876842975616455176e-04
-1.865496635437011782e-04
-1.866772174835205065e-04
-1.863687038421630888e-04
-1.864981651306152387e-04
-1.894226074218749954e-04
-1.862776806076846508e-04
-1.904713480096114438e-04
-1.866190309026633865e-04
-1.866604429650976858e-04
-1.867030519079491892e-04
-1.869359016418457105e-04
-1.864943159631935908e-04
-1.864702701568603650e-04
-1.868314743041992289e-04
-1.865682831729751062e-04
-1.902678801167395921e-04
-1.870338696552567668e-04
-1.877012252807617077e-04
-1.910545388046575922e-04
-1.869046688079833854e-04
-1.864737296200181453e-04
-1.889589321182434873e-04
-1.866721723931860210e-04
-1.864057468123225423e-04
-1.864502429962158194e-04
-1.864631970723470142e-04
-1.880829334259033090e-04
-1.864105343339912506e-04
-1.868917942047119073e-04
-1.867911815643310419e-04
-1.889014818582190154e-04
-1.868011961021576542e-04
-1.866714954376220688e-04
-1.867084503173828045e-04
-1.866360266045873008e-04
-1.866472772805087652e-04
-1.973248046377430688e-04
-1.865899562835693381e-04
-1.864047893079888007e-04
-1.891851425170898438e-04
-1.894004344940185595e-04
-1.905555607842617405e-04
-1.893620414427485323e-04
-1.864941120147704996e-04
-1.920268672411559036e-04
-1.863772869110107318e-04
-1.865352492734610192e-04
-1.889105781493895611e-04
-1.864390373229980399e-04
-1.873359680175781317e-04
-1.887837088251688466e-04
-1.865532024797186752e-04
-1.866946737450289498e-04
-1.887085447349701542e-04
-1.903738841474295605e-04
-1.865937709808349542e-04
-1.867439852182166177e-04
-1.866691112518310553e-04
-1.869924575928224675e-04
-1.864142417907714946e-04
-1.866714954376220688e-04
-1.863350868225097773e-04
-1.863570213317871174e-04
-1.865274906158447151e-04
-1.866465591522584590e-04
-1.867301014053773637e-04
-1.882269382476806628e-04
-1.865999698638916109e-04
-1.907083988189697289e-04
-1.863572597503662133e-04
-1.903447893358045965e-04
-1.867607415440570965e-04
-1.865627765655517522e-04
-1.866542191869283651e-04
-1.864756446286856286e-04
-1.881543891018174180e-04
-1.866089771071590992e-04
-1.866073014745750513e-04
-1.890515706625329377e-04
-1.864217850099126879e-04
-1.869261264801025336e-04
-1.891573748914113359e-04
-1.866114139556884863e-04
-1.883735656738281259e-04
-1.864600851832623539e-04
-1.872768363799436021e-04
-1.866867542266845603e-04
-1.923327644666036006e-04
-1.868858337402343737e-04
-1.866652965545654392e-04
-1.871922016143798739e-04
-1.863765716552734440e-04
-1.871349811553954968e-04
-1.869661808013915977e-04
-1.880502700805664084e-04
-1.864519119262695180e-04
-1.892090801254333850e-04
-1.868777275085449225e-04
-1.902532577514648481e-04
-1.864253756511642191e-04
-1.874904632568359501e-04
-1.862946763096085380e-04
-1.884608268737792943e-04
-1.866757630344375522e-04
-1.863207817077636695e-04
-1.867201328277587758e-04
-1.869559288024902290e-04
-1.865832805633544896e-04
-1.866247759286658364e-04
-1.866616398455148628e-04
-1.878504753112793073e-04
-1.866367447328376070e-04
-1.863596439361572268e-04
-1.864259243011474659e-04
-1.880621910095214757e-04
-1.866906043516105478e-04
-1.864526271820068329e-04
-1.865279674530029340e-04
-1.908303772816892486e-04
-1.864363869510022480e-04
-1.868503093719482407e-04
-1.871691171423977207e-04
-1.863446235656738312e-04
-1.873037815093994230e-04
-1.866882105907761936e-04
-1.876366138458251942e-04
-1.866848468780517658e-04
-1.864454746246337925e-04
-1.867303848266601445e-04
-1.878810216145343124e-04
-1.864473819732666141e-04
-1.905630759107388068e-04
-1.868318362408373599e-04
-1.865572718731370772e-04
-1.866788749235222125e-04
-1.870286464691162207e-04
-1.864912040741089304e-04
-1.876629500025247599e-04
-1.870086193084716751e-04
-1.883286548905583170e-04
-1.864842621676893034e-04
-1.867589950561523331e-04
-1.867847442626953164e-04
-1.864179549925777213e-04
-1.900181654960878311e-04
-1.864909646980254950e-04
-1.866011619567871176e-04
-1.967865487803583508e-04
-1.876421242832658791e-04
-1.883955001831054659e-04
-1.867022514343261749e-04
-1.939163874771635324e-04
-1.864981651306152387e-04
-1.892190306417403578e-04
-1.863765429301434220e-04
-1.865904331207275300e-04
-1.866793536756890834e-04
-1.879212856292724503e-04
-1.865546387362192876e-04
-1.906377028643600410e-04
-1.867876052856445217e-04
-1.865615844726562454e-04
-1.864524251485924207e-04
-1.865432262420654256e-04
-1.864855289459228565e-04
-1.868472099304199123e-04
-1.866381809893382195e-04
-1.888593516675343828e-04
-1.891118934355586346e-04
-1.899350074029737860e-04
-1.877041226888756238e-04
-1.859473416125439170e-04
-1.867196559906005840e-04
-1.866452693939208937e-04
-1.865400367951297275e-04
-1.867188507294558993e-04
-1.867099938143688162e-04
-1.866511072978437318e-04
-1.863996982574462908e-04
-1.865572929382324104e-04
-1.893582114254135657e-04
-1.895901668502623721e-04
-1.866396172458388320e-04
-1.864517070203421144e-04
-1.880358979405169430e-04
-1.866570916999295900e-04
-1.868083477020263550e-04
-1.882698535919189321e-04
-1.943116188049316293e-04
-1.867444515228271565e-04
-1.888718605041503991e-04
-1.867260932922363366e-04
-1.882953643798828194e-04
-1.877212524414062533e-04
-1.865351200103759744e-04
-1.886465463293604094e-04
-1.892725147875437422e-04
-1.908707618713379026e-04
-1.864194869995117133e-04
-1.865158081054687437e-04
-1.863706111907959104e-04
-1.869864731907365822e-04
-1.865096092224121141e-04
-1.879708766937255953e-04
-1.898079990861885162e-04
-1.864705085754394609e-04
-1.864055074362391069e-04
-1.891861000214235854e-04
-1.866674423217773568e-04
-1.900251353940656126e-04
-1.865003003652794761e-04
-1.866579055786132758e-04
-1.883819103240966730e-04
-1.865745069511444269e-04
-1.866214275360107320e-04
-1.866047382354736378e-04
-1.866767205387712938e-04
-1.881606128799867387e-04
-1.868820190429687576e-04
-1.867573902788890008e-04
-1.864311695098876847e-04
-1.900342094850348727e-04
-1.864440469856721812e-04
-1.864189124969114629e-04
-1.908817899570543642e-04
-1.866934299468994089e-04
-1.895657504897519871e-04
-1.865670862925579291e-04
-1.870298385620117274e-04
-1.910326422237958958e-04
-1.900188865200165718e-04
-1.867105960845947220e-04
-1.864660695853482392e-04
-1.865196898280377445e-04
-1.866039502094069555e-04
-1.869508061543047057e-04
-1.919075667139995441e-04
-1.881580352783203142e-04
-1.864578723907470788e-04
-1.865014972456966531e-04
-1.903442832512584188e-04
-1.916294275972358491e-04
-1.865749359130859425e-04
-1.872847080230712882e-04
-1.863934993743896612e-04
-1.863119602203369034e-04
-1.881108226546322000e-04
-1.906754999508259232e-04
-1.869046688079833854e-04
-1.882259625507645793e-04
-1.865434646606445215e-04
-1.863923072814941274e-04
-1.867601871490478399e-04
-1.869139422374556793e-04
-1.884696474037017208e-04
-1.870422478181770062e-04
-1.871700286865234379e-04
-1.891846637649229729e-04
-1.866066455841064323e-04
-1.881199189458027457e-04
-1.872478718738479443e-04
-1.892035744755143705e-04
-1.864749265004353224e-04
-1.864725327396009953e-04
-1.866286059460008030e-04
-1.866180896759033077e-04
-1.906883959867516367e-04
-1.885517534003200402e-04
-1.879923343658447164e-04
-1.867499696203025030e-04
-2.120134321231286389e-04
-1.895902156829833878e-04
-1.866185521504965157e-04
-1.905572462273410052e-04
-1.887695856362461573e-04
-1.875531673431396419e-04
-1.864811502786046431e-04
-1.865551471710205200e-04
-1.888569579067000557e-04
-1.864040711797384944e-04
-1.863703727722167873e-04
-1.923059423764546586e-04
-1.880145072937011795e-04
-1.866228609199983531e-04
-1.959644001105736023e-04
-1.864816290307715139e-04
-1.868536472320556649e-04
-1.897662878036499023e-04
-1.864979066044451220e-04
-1.876902388760363699e-04
-1.888397228286927060e-04
-1.868522167205810623e-04
-1.863718032836914171e-04
-1.865131855010986343e-04
-1.867263317108154325e-04
-1.867717528438950984e-04
-1.866152008853284199e-04
-1.865436274363812587e-04
-1.899980636964361254e-04
-1.868176460266113401e-04
-1.864240169525146443e-04
-1.866096952354094054e-04
-1.867932966914042855e-04
-1.865405155472965983e-04
-1.874768733978271571e-04
-1.863576322195520244e-04
-1.864375838314194251e-04
-1.866697786323516669e-04
-1.876215934753417986e-04
-1.904066757634583808e-04
-1.864234606424967358e-04
-1.865220069885254004e-04
-1.868138313293456968e-04
-1.903904541846244513e-04
-1.864790916442871040e-04
-1.882915496826171762e-04
-1.860849857330322164e-04
-1.864049434661865367e-04
-1.873168945312499970e-04
-1.903966190369148659e-04
-1.881742477416992166e-04
-1.868007173499907833e-04
-1.867616176605224696e-04
-1.874148845672607530e-04
-1.875054836273193457e-04
-1.863703191519741013e-04
-1.866678636236841836e-04
-1.864342325662513293e-04
-1.864230632781982335e-04
-1.867556571960449089e-04
-1.864080429077148379e-04
-1.866230964660644577e-04
-1.865986839355713764e-04
-1.864721775054931595e-04
-1.885404586791992305e-04
-1.876003742218017463e-04
-1.866771992909381647e-04
-1.901790320155132160e-04
-1.865117904172843759e-04
-1.883844295179987411e-04
-1.864426136016845601e-04
-1.894733513215459450e-04
-1.865582466125488212e-04
-1.865603923797607387e-04
-1.864223480224609457e-04
-1.866199884069971282e-04
-1.898374288312850355e-04
-1.864497661590576276e-04
-1.866271495819091697e-04
-2.025945620103315888e-04
-1.896040506631016260e-04
-1.868846416473388670e-04
-1.898859777758198531e-04
-1.874786304182795736e-04
-1.864581701745948706e-04
-1.865132266737849884e-04
-1.874448783905151804e-04
-1.863818168640136628e-04
-1.865790550967296997e-04
-1.870927810668945423e-04
-1.867551803588867170e-04
-1.864092350006103446e-04
-1.871669627576468019e-04
-1.877081920822940258e-04
-1.904551799480731712e-04
-1.893905271966773464e-04
-1.865723133087158331e-04
-1.866903305053710805e-04
-1.865417124277137754e-04
-1.909591713730169726e-04
-1.864742083721850161e-04
-1.872026297940786513e-04
-1.864210668816623816e-04
-1.866879463195800671e-04
-1.865395580429628566e-04
-1.864256150272476545e-04
-1.868669986724853620e-04
-1.863253116607666005e-04
-1.863160133361816426e-04
-1.867521240050534217e-04
-1.873779296874999902e-04
-1.866312390829185926e-04
-1.865055666391150552e-04
-1.890285905585231652e-04
-1.922232336579007459e-04
-1.872754096984863303e-04
-1.901820121023818980e-04
-1.907678412609413053e-04
-1.874182224273681773e-04
-1.888988487213012258e-04
-1.897266112178205030e-04
-1.867010593414306682e-04
-1.867871284484863299e-04
-1.867427825927734308e-04
-1.869804887886506969e-04
-1.864220243859961233e-04
-1.916259650867509754e-04
-1.866592460846805087e-04
-1.863222122192382721e-04
-1.893663502122503698e-04
-1.888678073883056599e-04
-1.865165779389530841e-04
-1.866046683376572618e-04
-1.865393186668794212e-04
-1.865816116333007910e-04
-1.865091323852538952e-04
-1.866106986999511714e-04
-1.871206760406494160e-04
-1.864860057830810484e-04
-1.879925708694151604e-04
-1.866927146911621211e-04
-1.864638328552246124e-04
-1.866779174191884709e-04
-1.901590055035006703e-04
-1.877215971429664089e-04
-1.873221397399902428e-04
-1.869015693664550842e-04
-1.908412309196906478e-04
-1.893842220306396571e-04
-1.868693828582763754e-04
-1.864526645246758561e-04
-1.863784579388109053e-04
-1.890853226902973309e-04
-1.865304617517923381e-04
-1.865208867084549216e-04
-1.866166591644287051e-04
-1.863472461700439405e-04
-1.867008209228515723e-04
-1.889061927795410254e-04
-1.864617608158464018e-04
-1.863456634153802809e-04
-1.870126724243164143e-04
-1.943808920839999515e-04
-1.866520648021774463e-04
-1.865766613358953456e-04
-1.901195895287298291e-04
-1.865906715393066530e-04
-1.896372245204064040e-04
-1.875629425048828188e-04
-1.865713950620597665e-04
-1.882273988072651917e-04
-1.866585279564302025e-04
-1.866433620452880992e-04
-1.899714929511748217e-04
-1.865839958190918045e-04
-1.865551471710205200e-04
-1.907719344627566388e-04
-1.863524913787841864e-04
-1.866197490309136927e-04
-1.896220038693592820e-04
-1.868402957916259679e-04
-1.867251396179199258e-04
-1.881141739198002958e-04
-1.886489400901947635e-04
-1.882724761962890686e-04
-1.864428520202636832e-04
-1.946084010295378967e-04
-1.864383220672607522e-04
-1.906888825552804044e-04
-1.865615844726562454e-04
-1.864098162057409443e-04
-1.863560676574707066e-04
-1.864469194986734062e-04
-1.907216975966610523e-04
-1.867514058768031155e-04
-1.874350639710943285e-04
-1.943664347871821034e-04
-1.865407549233800337e-04
-1.866377022371713487e-04
-1.882793434173706492e-04
-1.865821669858143601e-04
-1.877591609954833997e-04
-1.865854263305664071e-04
-1.864600851832623539e-04
-1.867544651031494021e-04
-1.868804295857747486e-04
-1.866874924625258874e-04
-1.868550777435302676e-04
-1.903028488159179659e-04
-1.866168765179124678e-04
-1.888514522567810413e-04
-1.865932941436767624e-04
-1.865460872650146580e-04
-1.899163722991943377e-04
-1.864035924275716236e-04
-1.893270015716552799e-04
-1.866094558593259700e-04
-1.871205237974603590e-04
-1.863188743591308479e-04
-1.864622395680132726e-04
-1.872198581695556517e-04
-1.863873148538980156e-04
-1.866084983549922284e-04
-1.864866559285236576e-04
-1.864457226182562291e-04
-1.866235733032226495e-04
-1.895939630846823424e-04
-1.868497894470950158e-04
-1.896462440490722583e-04
-1.866733692736031981e-04
-1.867558956146240319e-04
-1.864428520202636832e-04
-1.864617608158464018e-04
-1.866377022371713487e-04
-1.909694051354881260e-04
-1.863944530487060449e-04
-1.891695830716665419e-04
-1.864505101399249374e-04
-1.865867151313996329e-04
-1.864898204803466916e-04
-1.872248917698381447e-04
-1.863918304443359355e-04
-1.863403320312499961e-04
-1.872390149587608340e-04
-1.896471383581199732e-04
-1.866080196028253575e-04
-1.866683423758510544e-04
-1.865460211972156128e-04
-1.865871938835665037e-04
-1.908641293215653455e-04
-1.863272190093994221e-04
-1.891880150300910687e-04
-1.906053193153873593e-04
-1.863422393798828177e-04
-1.868801902096913132e-04
-1.913914914991034721e-04
-1.867349147796630755e-04
-1.900383541660924077e-04
-1.864452438660893583e-04
-1.882740771435350701e-04
-1.868197917938232305e-04
-1.864500313877580666e-04
-1.898665428161620968e-04
-1.865828037261962977e-04
-1.863923072814941274e-04
-1.863591670989990349e-04
-1.869175434112548906e-04
-1.868007183074951228e-04
-1.911691954878509897e-04
-1.869952678680420052e-04
-1.883554458618164019e-04
-1.864864826202392674e-04
-1.873009204864501905e-04
-1.867396831512451295e-04
-1.866467985283418944e-04
-1.868196280605821809e-04
-1.901400185400439768e-04
-1.920544371312978352e-04
-1.865227222442626882e-04
-1.868591308593750067e-04
-1.866202354431152253e-04
-1.872617556866871711e-04
-1.873273849487304616e-04
-1.863056876094465670e-04
-1.915993709718027353e-04
-1.875314712524413978e-04
-1.864986247326954282e-04
-1.864681243896484475e-04
-1.864748001098632689e-04
-1.867952117000717688e-04
-1.873528957366943489e-04
-1.870412826538086029e-04
-1.896488139907040211e-04
-1.875925734339947758e-04
-1.879985552715010457e-04
-1.865007791174463469e-04
-1.866396172458388320e-04
-1.890889133315488621e-04
-1.866874924625258874e-04
-1.864476376269237124e-04
-1.868178844451904360e-04
-1.867043972015380924e-04
-1.898504072620022594e-04
-1.866195096548302573e-04
-1.864044666290283177e-04
-1.914149307342897090e-04
-1.866879712146927582e-04
-1.865931782856523620e-04
-1.872414087195951881e-04
-1.897869339908461999e-04
-1.865132266737849884e-04
-1.866649911106829586e-04
-1.874272823333740122e-04
-1.892327300963863224e-04
-1.864182949066162066e-04
-1.864119705904918631e-04
-1.866092164832425346e-04
-1.864762306213378986e-04
-1.891193140941451324e-04
-1.876814365386962852e-04
-1.866605281829833852e-04
-1.876006126403808693e-04
-1.866917610168457103e-04
-1.864266395568847537e-04
-1.864550113677978464e-04
-1.867020130157470790e-04
-1.866698265075683702e-04
-1.863916236233998530e-04
-1.882293224334716762e-04
-1.955848395056990641e-04
-1.887078266067198479e-04
-1.873685174198993109e-04
-1.879475681657293300e-04
-1.869943141937255944e-04
-1.894750269541299928e-04
-1.891983082016787914e-04
-1.864538614050930332e-04
-1.865464999493824836e-04
-1.887164441457235228e-04
-1.888062101770117483e-04
-1.896319370115957022e-04
-1.865723525663935082e-04
-1.872224807739257882e-04
-1.864001750946044826e-04
-1.863779791866440345e-04
-1.865436274363812587e-04
-1.864292621612548902e-04
-1.911676552401010362e-04
-1.883782057398294474e-04
-1.866343021392822372e-04
-1.864835440394389972e-04
-1.900571633160598808e-04
-1.886070492755935934e-04
-1.866178340222462094e-04
-1.864856984241899159e-04
-1.866228580474853618e-04
-1.865053176879882791e-04
-1.866424897588400569e-04
-1.865091323852538952e-04
-1.919681288631086764e-04
-1.865041255950927724e-04
-1.901838837600335974e-04
-1.902801990509033110e-04
-1.863605976104736376e-04
-1.882708072662353429e-04
-1.864086193253237673e-04
-1.866671454954338773e-04
-1.872076566918307950e-04
-1.870865821838378856e-04
-1.892123222351074297e-04
-1.863873004913330046e-04
-1.867679228265601589e-04
-1.866059303283691445e-04
-1.862982669508600692e-04
-1.883892170396674493e-04
-1.897170361744830865e-04
-1.866697786323516669e-04
-1.902116402502982795e-04
-1.867806911468505773e-04
-1.892797946929931756e-04
-1.877663135528564401e-04
-1.869599024454752514e-04
-1.864144802093505905e-04
-1.868267059326171749e-04
-1.865685225490585416e-04
-1.893339157104492244e-04
-1.904983752169589755e-04
-1.865895876444008579e-04
-1.866149615092449845e-04
-1.866535010586780588e-04
-1.871552333295584667e-04
-1.885530948638916126e-04
-1.895756971451543896e-04
-1.922651945826518878e-04
-1.865342917691272776e-04
-1.865804195404052843e-04
-1.867849826812744123e-04
-1.866944343689455144e-04
-1.864184337447445921e-04
-1.863284283373729312e-04
-1.901453323209816493e-04
-1.877912555832460598e-04
-1.864044666290283177e-04
-1.894736289978027430e-04
-1.880939006805419926e-04
-1.895959118762648220e-04
-1.881163283045512145e-04
-1.863399183893778310e-04
-1.867571509028055654e-04
-1.867944935718214626e-04
-1.890147067456839113e-04
-1.914110183715820343e-04
-1.864421319770046979e-04
-1.865749359130859425e-04
-1.901812185116899577e-04
-1.865491330863002731e-04
-1.883923289287521097e-04
-1.866400241851806749e-04
-1.908701951386498614e-04
-1.899833160061990052e-04
-1.901385755191447799e-04
-1.866530223065111880e-04
-1.866393778697553966e-04
-1.865937709808349542e-04
-1.866882105907761936e-04
-1.905923936425185726e-04
-1.871698352706480269e-04
-1.867761611938476463e-04
-1.867318153381347743e-04
-1.866557598114013583e-04
-1.865462605732990482e-04
-1.878113631742546344e-04
-1.864636758245138851e-04
-1.866307603307517217e-04
-1.866716936410191502e-04
-1.865125085455346821e-04
-1.868002414703369039e-04
-1.875030994415283322e-04
-1.874913173507016233e-04
-1.866979598999023398e-04
-1.882609114589461495e-04
-1.870661854265205475e-04
-1.864488345073408895e-04
-1.877414653578915211e-04
-1.863937377929687572e-04
-1.865844726562499963e-04
-1.866085529327392539e-04
-1.865115510412009405e-04
-1.864107737100746860e-04
-2.048829639399493262e-04
-1.864615214397629664e-04
-1.863482965522980704e-04
-1.867508888244628820e-04
-1.881400265368113204e-04
-1.867697238922119208e-04
-1.866595745086670015e-04
-1.863631378694710389e-04
-1.866075408506584867e-04
-1.865991626877382473e-04
-1.865433880602978232e-04
-1.863906661190661113e-04
-1.869685199844789262e-04
-1.882863044738769575e-04
-1.873941421508789197e-04
-1.873219013214111198e-04
-1.886554032444475197e-04
-1.865204079562880507e-04
-1.884270384608502445e-04
-1.866366863250732506e-04
-1.874989773853715565e-04
-1.887583349603246929e-04
-1.865223229649555340e-04
-1.895801130547580848e-04
-1.874289512634277378e-04
-1.916492917410140043e-04
-1.897400162784928861e-04
-1.899071278110627144e-04
-1.870788723589425972e-04
-1.865682831729751062e-04
-1.866104602813720755e-04
-1.866666667432670065e-04
-1.892792173178799067e-04
-1.866474151611328112e-04
-1.867771148681640571e-04
-1.894115922920196356e-04
-1.871829032897949160e-04
-1.866540908813476597e-04
-1.866166591644287051e-04
-1.865757038315616039e-04
-1.863310337066650382e-04
-1.863594055175781309e-04
-1.873419284820556654e-04
-1.864535808563232437e-04
-1.867928504943847676e-04
-1.867178932251221577e-04
-1.865228017171224049e-04
-1.891317616504837739e-04
-1.864519463964255499e-04
-1.863880329821483218e-04
-1.872797012329101654e-04
-1.863411152697950080e-04
-1.867287158966064460e-04
-1.866180896759033077e-04
-1.866032320811566493e-04
-1.864167581121605442e-04
-1.865620593948057854e-04
-1.884124365197606843e-04
-1.900753667277674556e-04
-1.864481163790905833e-04
-1.867549419403076211e-04
-1.865469787015493544e-04
-1.873586177825927867e-04
-1.893014792936394000e-04
-1.864270512837482669e-04
-1.863646507263183496e-04
-1.868331432342529275e-04
-1.891245803679807115e-04
-1.863909054951495468e-04
-1.899064067871339737e-04
-1.865541599840524168e-04
-1.863131082680330648e-04
-1.865434646606445215e-04
-1.892847229677989212e-04
-1.872339248657226636e-04
-1.871249675750732511e-04
-1.881809598470787488e-04
-1.864361763000488346e-04
-1.864819526672363364e-04
-1.880578994750976677e-04
-1.866314411163330048e-04
-1.884708442841188979e-04
-1.913738348847063438e-04
-1.896540802645396001e-04
-1.863834848365630490e-04
-1.866084983549922284e-04
-1.866462230682373045e-04
-1.866209459113308698e-04
-1.866709755127688439e-04
-1.892225742340087984e-04
-1.912099834332250373e-04
-1.877770423889160278e-04
-1.888054920487614420e-04
-1.863657710063888284e-04
-1.871628933642283999e-04
-1.867095150622019454e-04
-1.866716936410191502e-04
-1.864175796508789188e-04
-1.864155612317433671e-04
-1.876420974731445360e-04
-1.865103244781494019e-04
-1.864464407465065354e-04
-1.897852583582621520e-04
-1.865584850311279171e-04
-1.892265545795241430e-04
-1.864093374535740735e-04
-1.865775585174560519e-04
-1.869051456451416044e-04
-1.865620613098144644e-04
-1.910218938452298604e-04
-1.865170001983642504e-04
-1.872076566918307950e-04
-1.866617202758789190e-04
-1.867237091064453231e-04
-1.865242379736230173e-04
-1.865921020507812556e-04
-1.867933273315429594e-04
-1.865534418558021106e-04
-1.864418983459472723e-04
-1.911345508790785223e-04
-1.868870258331298804e-04
-1.871652871250627541e-04
-1.879291534423828056e-04
-1.895611286163330074e-04
-1.882572174072265499e-04
-1.864044666290283177e-04
-1.881241798400878798e-04
-1.869852542877197324e-04
-1.865921020507812556e-04
-1.884859249773753289e-04
-1.902631350925990583e-04
-1.866757630344375522e-04
-1.869184903830409521e-04
-1.897826252213443625e-04
-1.869575977325439546e-04
-1.866400959980057028e-04
-1.894544406109545474e-04
-1.866178340222462094e-04
-1.865625381469726562e-04
-1.941964991631046444e-04
-1.867666244506835924e-04
-1.867394447326660065e-04
-1.864823471590218201e-04
-1.867265107641258325e-04
-1.863851604691470969e-04
-1.887061509741358000e-04
-1.868081092834472591e-04
-1.932191848754882715e-04
-1.863558292388916107e-04
-1.864709854125976528e-04
-1.888904705583809864e-04
-1.899592730463767567e-04
-1.874482631683349685e-04
-1.867051124572753802e-04
-1.870032295165770611e-04
-1.866290569305419913e-04
-1.875944884426622591e-04
-1.880416429665193929e-04
-1.890388837301108609e-04
-1.864686012268066393e-04
-1.865558356166364647e-04
-1.863803729474783886e-04
-1.892638972485400674e-04
-1.868755817413330050e-04
-1.864418983459472723e-04
-1.870422363281249866e-04
-1.863193511962890668e-04
-1.868770122528076076e-04
-1.865156204346193425e-04
-1.868197917938232305e-04
-1.866061045941578742e-04
-1.863691806793212806e-04
-1.881512772127327576e-04
-1.865363121032714811e-04
-1.865132266737849884e-04
-1.865802519771468768e-04
-1.895854473114013609e-04
-1.902847040084100635e-04
-1.865134239196777303e-04
-1.866836547851562591e-04
-1.864306926727294928e-04
-1.864119705904918631e-04
-1.884907124990440371e-04
-1.866896152496337927e-04
-1.909062862396240356e-04
-1.871302127838134698e-04
-1.870815753936767628e-04
-1.887693462601627219e-04
-1.864058971405029204e-04
-1.864203487534120754e-04
-1.865420341491699188e-04
-1.892154216766357309e-04
-1.867526027572202925e-04
-1.881326058782248226e-04
-1.868418900363416472e-04
-1.893144056021449123e-04
-1.864667877135985454e-04
-1.865746974945068466e-04
-1.865405155472965983e-04
-1.865014972456966531e-04
-1.868839263916015521e-04
-1.865074816477825385e-04
-1.883406236947300877e-04
-1.865956783294677758e-04
-1.864964962005615130e-04
-1.870834827423095573e-04
-1.866133213043212808e-04
-1.887834694490854112e-04
-1.866575704520964608e-04
-1.865828851140646663e-04
-1.899228996062374600e-04
-1.886108792929285600e-04
-1.893682652209178531e-04
-1.866039502094069555e-04
-1.867866516113281380e-04
-1.889709009224152579e-04
-1.890408992767333941e-04
-1.904512026223791716e-04
-1.953546069722318754e-04
-1.861686706542968646e-04
-1.873998641967773303e-04
-1.863940173842342071e-04
-1.877103464670449445e-04
-1.864828259111886910e-04
-1.881668366581560595e-04
-1.864287269163323148e-04
-1.875973609556634840e-04
-1.863152626527839835e-04
-1.885211132616403074e-04
-1.865223229649555340e-04
-1.869725893778973282e-04
-1.864452438660893583e-04
-1.906011162734613318e-04
-1.864986419677734306e-04
-1.863811016082763750e-04
-1.873089127751239203e-04
-1.876713281654449723e-04
-1.874206066131591907e-04
-1.894915439038870363e-04
-1.866855774538584041e-04
-1.866097450256347606e-04
-1.867358684539794863e-04
-1.864466667175292993e-04
-1.864155612317433671e-04
-1.869735717773437611e-04
-1.869254112243652459e-04
-1.896667671969616770e-04
-1.889390945434570219e-04
-1.865845607466487142e-04
-1.863560676574707066e-04
-1.881690025329589978e-04
-1.866456016479247173e-04
-1.864167581121605442e-04
-1.900331974029541055e-04
-1.866133213043212808e-04
-1.904507798533285827e-04
-1.896464824676513542e-04
-1.865261529822905006e-04
-1.875576972961425729e-04
-1.866532616825946234e-04
-1.864991034848622990e-04
-1.866530223065111880e-04
-1.878087520599365176e-04
-1.882336225854345125e-04
-1.885766485129972960e-04
-1.864679845940157225e-04
-1.911852094862196241e-04
-1.866474151611328112e-04
-1.868891716003417980e-04
-1.866996288299560655e-04
-1.915169925224490216e-04
-1.867301014053773637e-04
-1.866233396721652239e-04
-1.878466606140136641e-04
-1.863741491693090679e-04
-1.867973804473876986e-04
-1.864014380428207049e-04
-1.869683265686035152e-04
-1.866519451141357422e-04
-1.864000017863200924e-04
-1.884483429322759691e-04
-1.863043308258056712e-04
-1.865739822387695317e-04
-1.875571457736463347e-04
-1.898720497038306246e-04
-1.885979529844230478e-04
-1.866554160673455421e-04
-1.869943141937255944e-04
-1.904008339862434205e-04
-1.873047351837158338e-04
-1.867162175925381098e-04
-1.884861643534587643e-04
-1.866800785064697389e-04
-1.868281364440918047e-04
-1.872541904449462780e-04
-1.863501071929931730e-04
-1.882998943328857504e-04
-1.899537791210006011e-04
-1.901862132980162783e-04
-1.866273880004882927e-04
-1.904213331579192737e-04
-1.871826648712158201e-04
-1.863099963789484044e-04
-1.926650603612263925e-04
-1.867208480834960907e-04
-1.867823600769043029e-04
-1.910462915657993362e-04
-1.905893507274056286e-04
-1.865289211273193448e-04
-1.867985725402832053e-04
-1.867883205413818366e-04
-1.864480972290039019e-04
-1.866321965872523342e-04
-1.864733695983886662e-04
-1.881345208868923059e-04
-1.864128112792968648e-04
-1.866779327392578214e-04
-1.889541445965747790e-04
-1.899174624873745739e-04
-1.872367858886718689e-04
-1.864787565177702890e-04
-1.904580757202889647e-04
-1.875579357147216688e-04
-1.886194968319322078e-04
-1.864428520202636832e-04
-1.866600513458251934e-04
-1.896614970465903410e-04
-1.865771400880622164e-04
-1.865730285644531209e-04
-1.893969903509300755e-04
-1.869900226593017593e-04
-1.888090826900129732e-04
-1.864292056684991857e-04
-1.892058118697135627e-04
-1.865704375577260249e-04
-1.864438076095887458e-04
-1.880669593811035026e-04
-1.889117750298067381e-04
-1.864535808563232437e-04
-1.866037845611572270e-04
-1.866300422025014155e-04
-1.866578098281798962e-04
-1.865905451487345995e-04
-1.863983261537360445e-04
-1.866350691002535592e-04
-1.865225623410389695e-04
-1.888339519500732526e-04
-1.891004033835537348e-04
-1.863744258880615265e-04
-1.921091079711914086e-04
-1.901609897613525297e-04
-1.920928557713826479e-04
-1.863751411437988414e-04
-1.870458126068115338e-04
-1.946970438345884617e-04
-1.864878528089408346e-04
-1.864743232727050770e-04
-1.869256716655440145e-04
-1.898609012006277153e-04
-1.864883899688720619e-04
-1.895372867584228457e-04
-1.868052654955760562e-04
-1.866915225982666144e-04
-1.916042007351317271e-04
-1.867496967315673752e-04
-1.888041496276855573e-04
-1.889064311981201213e-04
-1.866350691002535592e-04
-1.893390613387387327e-04
-1.866752842822706814e-04
-1.864950340914438970e-04
-1.866338722198363821e-04
-1.869595050811767491e-04
-1.893527057754945512e-04
-1.863849210930636614e-04
-1.863582134246826241e-04
-1.873548729831435195e-04
-1.872797012329101654e-04
-1.866497993469238247e-04
-1.863777398105605991e-04
-1.867751041090631942e-04
-1.891379854286530946e-04
-1.867268085479736244e-04
-1.863751411437988414e-04
-1.864430894813384396e-04
-1.865512874710511919e-04
-1.891458848394064632e-04
-1.865206473323714862e-04
-1.866023540496826243e-04
-1.866882105907761936e-04
-1.866874694824218752e-04
-1.900506115728808909e-04
-1.865577697753906293e-04
-1.865670862925579291e-04
-1.875660026887334450e-04
-1.885136926030538096e-04
-1.865496118384671440e-04
-1.894774207149643470e-04
-1.874759972813617840e-04
-1.866264343261718819e-04
-1.899329756918223631e-04
-1.866729259490966714e-04
-1.928553360850871108e-04
-1.873130798339843809e-04
-1.863553524017333917e-04
-1.873533725738525408e-04
-1.863392002611275247e-04
-1.866094558593259700e-04
-1.868283748626709006e-04
-1.865125085455346821e-04
-1.896555165210402126e-04
-1.863911151885986207e-04
-1.863863573495642739e-04
-1.899326235298218744e-04
-1.865747463272278623e-04
-1.863765716552734440e-04
-1.873421860507214426e-04
-1.894259645092871995e-04
-1.865971088409423785e-04
-1.865332126617431528e-04
-1.864001750946044826e-04
-1.885821819305419931e-04
-1.873044967651367107e-04
-1.904700071580948473e-04
-1.865235198453727111e-04
-1.866800785064697389e-04
-1.864622395680132726e-04
-1.885926723480224577e-04
-1.864567339180942581e-04
-1.873297691345214751e-04
-1.865508087188843210e-04
-1.868684291839599646e-04
-1.879925708694151604e-04
-1.865888695161505516e-04
-1.866848468780517658e-04
-1.864655017852783110e-04
-1.867329739183785887e-04
-1.867666244506835924e-04
-1.864002411624035278e-04
-1.866469383239746193e-04
-1.868248943344177600e-04
-1.866223821678314823e-04
-1.865284442901611259e-04
-1.882746219635009861e-04
-1.881043595003794439e-04
-1.866664886474609460e-04
-1.864028742993213174e-04
-1.868071556091308483e-04
-1.900518132794288011e-04
-1.868267059326171749e-04
-1.864897678176083179e-04
-1.872704029083252075e-04
-1.866290846981676738e-04
-1.863431930541992285e-04
-1.865321373843763860e-04
-1.873300075531005981e-04
-1.865014972456966531e-04
-1.866290846981676738e-04
-1.866226215439149177e-04
-1.865172386169433464e-04
-1.865091323852538952e-04
-1.865491330863002731e-04
-1.864974498748779238e-04
-1.863827705383300736e-04
-1.864394988400869084e-04
-1.864761233808524994e-04
-1.863703727722167873e-04
-1.869049072265625085e-04
-1.882542089286099579e-04
-1.870195865631103587e-04
-1.885802745819091714e-04
-1.892737116679609193e-04
-1.865038910065310073e-04
-1.865303516387939475e-04
-1.878080368041992298e-04
-1.942918655720162976e-04
-1.881175251849683916e-04
-1.868247985839843804e-04
-1.866085529327392539e-04
-1.867126269512865786e-04
-1.863267527047888833e-04
-1.865155696868896478e-04
-1.957028590399643433e-04
-1.866491922891762485e-04
-1.929101823758678201e-04
-1.896143438346893488e-04
-1.869156360626220690e-04
-1.864554882049560653e-04
-1.864361475749188126e-04
-1.864998340606689373e-04
-1.896879673004150480e-04
-1.867609024047851547e-04
-1.881615703843204804e-04
-1.866051470898241326e-04
-1.893360768595049441e-04
-1.866341115959198175e-04
-1.863725185394287049e-04
-1.870209433467512545e-04
-1.867699623107910167e-04
-1.894367798682182013e-04
-1.894173622131347767e-04
-1.866695392562682315e-04
-1.864562551659273873e-04
-1.865431486842143878e-04
-1.865947246551513650e-04
-1.865563143688033355e-04
-1.865400367951297275e-04
-1.865844726562499963e-04
-1.867756843566894544e-04
-1.880409717559814505e-04
-1.868407726287841868e-04
-1.867099938143688162e-04
-1.918834543997241526e-04
-1.873056888580322175e-04
-1.866502761840820436e-04
-1.864817142486572133e-04
-1.951698054615248984e-04
-1.882376670837402233e-04
-1.866795930517725188e-04
-1.867415914573822635e-04
-1.879571432090667465e-04
-1.865615806426389146e-04
-1.867523193359375117e-04
-1.864586489267617414e-04
-1.904626606929640093e-04
-1.881306171417236324e-04
-1.866867542266845603e-04
-1.864562551659273873e-04
-1.878831386566162079e-04
-1.924795409043630055e-04
-1.904812418980154475e-04
-1.866204671591639990e-04
-1.866574287414550840e-04
-1.872305870056152394e-04
-1.876598381134400996e-04
-1.864780383895199827e-04
-1.864163875579833850e-04
-1.867188507294558993e-04
-1.889328401251490273e-04
-1.863944530487060449e-04
-1.866219043731689510e-04
-1.868281364440918047e-04
-1.866767205387712938e-04
-1.866836547851562591e-04
-1.888459466068620268e-04
-1.868047714233398349e-04
-1.867456608508006656e-04
-1.889755725860595658e-04
-1.894139860528539897e-04
-1.869141816135391147e-04
-1.865479362058830961e-04
-1.865642070770263548e-04
-1.865139007568359492e-04
-1.893091393283093333e-04
-1.864605639354292247e-04
-1.887791606795835738e-04
-1.886269174905187056e-04
-1.867351531982421986e-04
-1.866120889962437595e-04
-1.894738674163818390e-04
-1.865101147847003280e-04
-1.866867743342755812e-04
-1.864002411624035278e-04
-1.869393161022998330e-04
-1.873543942309766487e-04
-1.863162201571177251e-04
-1.894446261915337226e-04
-1.906213990177016687e-04
-1.863722341606415846e-04
-1.863431930541992285e-04
-1.890889133315488621e-04
-1.893488757581595846e-04
-1.900029182434081912e-04
-1.866378784179687574e-04
-1.873724460601806756e-04
-1.867585871593061778e-04
-1.864371050792525543e-04
-1.870315074920654260e-04
-1.875753383559874260e-04
-1.866288185119628954e-04
-1.891152447007267304e-04
-1.874422452535973909e-04
-1.866798400878906159e-04
-1.868306393604202099e-04
-1.917314529418945193e-04
-1.868159770965576144e-04
-1.866343509720032529e-04
-1.893467213734086659e-04
-1.896332545452807192e-04
-1.864725327396009953e-04
-1.868631945077673989e-04
-1.863796710968017452e-04
-1.870621160331021454e-04
-1.866609217172645566e-04
-1.864134068469924755e-04
-1.893766433838380925e-04
-1.883263587951660215e-04
-1.864385413357531667e-04
-1.866264343261718819e-04
-1.874418258666992159e-04
-1.866817474365234375e-04
-1.867200476098730764e-04
-1.891872882843017613e-04
-1.864891052246093767e-04
-1.863799095153808683e-04
-1.864507495160083728e-04
-1.873698234558105391e-04
-1.864725327396009953e-04
-1.864085197448730568e-04
-1.866894074711933707e-04
-1.900229723222794176e-04
-1.901753487125519722e-04
-1.919314265251159560e-04
-1.864588260650634896e-04
-1.864155612317433671e-04
-1.865916252136230367e-04
-1.866570916999295900e-04
-1.866623579737651691e-04
-1.872658250801055731e-04
-1.881381115281438371e-04
-1.926506912359133910e-04
-1.867454051971435673e-04
-1.866377022371713487e-04
-1.879396438598632702e-04
-1.866288453220842384e-04
-1.853010654449462763e-04
-1.865584850311279171e-04
-1.880174659820924433e-04
-1.866979598999023398e-04
-1.866654698628498294e-04
-1.866372234850044779e-04
-1.865031728782807010e-04
-1.863863573495642739e-04
-1.866226196289062387e-04
-1.865127086639404425e-04
-1.863477230072021595e-04
