1.189872611783366257e-04
1.094504543280655024e-04
1.081775103410075902e-04
1.254838914835292951e-04
1.230571138808887798e-04
1.331255427327570349e-04
1.080176475277817394e-04
1.263108062095884569e-04
1.082688754481581539e-04
1.429503450320149271e-04
1.107151228291481515e-04
1.080366943653046413e-04
1.079223062866409348e-04
1.279072633685196406e-04
1.094923382159624942e-04
7.749531787508376097e-05
1.309034131119694952e-04
1.425347123423999251e-04
1.081355091609259800e-04
8.306757301515650617e-05
1.213546677694956276e-04
1.089390531542785403e-04
1.077184064462875297e-04
1.119854154138819562e-04
1.112986079971489011e-04
1.225396161030571488e-04
1.426087258059386938e-04
1.334168831843069358e-04
1.427689180930943999e-04
1.079765241500909765e-04
8.707819015304120328e-05
1.298432905803826286e-04
1.076415276291646923e-04
1.318145186545203822e-04
1.312164072756264984e-04
1.418221144212517958e-04
7.504862304375367794e-05
1.404393344605934320e-04
1.084650957105176084e-04
9.187465415110358704e-05
1.091679470290626939e-04
1.079247884071586557e-04
1.163999436306382225e-04
1.112676600119700756e-04
7.717875367537384496e-05
9.066469657539164462e-05
9.125280273175808571e-05
1.080788252594360284e-04
1.100765617257625515e-04
1.006388867547568710e-04
1.093428870578139602e-04
1.082125891832253877e-04
1.076191358543434685e-04
1.171595383050737552e-04
1.325101755027288761e-04
1.081621229433141380e-04
1.080801654030371685e-04
1.070404534583826648e-04
1.251145901645882145e-04
1.413075364919477305e-04
1.132863042677718658e-04
1.079676367078683864e-04
1.329597921634710351e-04
1.456107465261140483e-04
1.277083677038076464e-04
1.269371584418909358e-04
1.252534759797659114e-04
1.084040895557229458e-04
6.598799646124257044e-05
1.082011137664603667e-04
1.117059206560748024e-04
1.424817290290581980e-04
1.115605534546711537e-04
1.189644140856250637e-04
1.195309424933501449e-04
1.152947899564501453e-04
1.081436596016438506e-04
1.370675646870511276e-04
1.082349916672414273e-04
1.091101521313719163e-04
1.079409556365572460e-04
1.222028339729722981e-04
1.389559376592489515e-04
9.110782841785446356e-05
1.210156083099415823e-04
1.252967266999070923e-04
1.421083172209171796e-04
1.120914298637753614e-04
9.718373799901020460e-05
1.091861657269217501e-04
1.141625744438627124e-04
1.095288252191428419e-04
1.410705497269861843e-04
1.081725526395976655e-04
1.215547042437281887e-04
1.080623432374994407e-04
1.090082350930078429e-04
1.187583003330573505e-04
1.050704168990167551e-04
1.247242227318557663e-04
1.399367881331440981e-04
1.096739962875929980e-04
1.081067119554500911e-04
1.167374479207009951e-04
1.293711021038166720e-04
1.246482209948693125e-04
1.079574453426188443e-04
1.427588026561781942e-04
1.080439489871625565e-04
1.418360404378055583e-04
1.124503038414874882e-04
1.201409988101220653e-04
1.115950217609382167e-04
1.082247610013465597e-04
1.245783754713317051e-04
1.428642181548623723e-04
1.176549374459109459e-04
1.082086366392542046e-04
1.417259104071469573e-04
1.105742281818898349e-04
1.104551891869326116e-04
1.428287482704499779e-04
1.072625212543697632e-04
1.092684067316442123e-04
1.210760069051697725e-04
1.429646315959795999e-04
1.224897551792394131e-04
8.730190733530219778e-05
1.081242064592050892e-04
1.116584391777704653e-04
1.080595978677407104e-04
1.421576422344556542e-04
1.364618182367183371e-04
1.309470031066615125e-04
9.300798288020611037e-05
8.790633449646330540e-05
8.085910189131944399e-05
1.167290621982307102e-04
1.115487109504757741e-04
1.292864485875540878e-04
1.096464200229632283e-04
1.429327853235952633e-04
8.814558637442662518e-05
9.227598816660598951e-05
1.144442094311284765e-04
1.410214318877091256e-04
1.082235977323593333e-04
6.807187695038154009e-05
9.480929514788176795e-05
1.081642753267379471e-04
7.096590335912094207e-05
1.097400089815050094e-04
1.050417522281821411e-04
1.428346795548847436e-04
1.194253284948158377e-04
9.707398824174452430e-05
1.103300760873977577e-04
1.067956212436996005e-04
1.385248713761358830e-04
1.138990144290296009e-04
1.413854845932543069e-04
8.397077301199104419e-05
1.078863472061871310e-04
6.421819048480546072e-05
1.426011168311552770e-04
9.679888299379608605e-05
1.298725559577305422e-04
1.088894913352674281e-04
1.389476862751462180e-04
1.083767423840188769e-04
1.080960785181425389e-04
1.102998979536939272e-04
1.081283272854863427e-04
1.393660462906819609e-04
1.106182819175619849e-04
9.146889845894687473e-05
1.081794609250311568e-04
1.014043773760998993e-04
1.190434786979966932e-04
1.081873945878442236e-04
1.145435773558480577e-04
1.257715742820012385e-04
1.255446466593658147e-04
9.784896628983326644e-05
8.339588327156982758e-05
1.080505041575937622e-04
6.359245900369022363e-05
1.394490343405625787e-04
1.106575670222456929e-04
1.083352079420920650e-04
1.085919614233169260e-04
9.514679934623177036e-05
1.433275516346922218e-04
1.212199664145691851e-04
7.671443406117630910e-05
1.080751542388128138e-04
1.121159718602599589e-04
1.079501449615453935e-04
6.540310559338884751e-05
1.220864344299308409e-04
1.089155331007521783e-04
1.248620102888905602e-04
1.179380005735479448e-04
1.074728775533998105e-04
1.197459065333342254e-04
1.210150042644035607e-04
1.421270877994240927e-04
1.284737468094165685e-04
1.255107384492002895e-04
1.325764266192559532e-04
1.100881553552592631e-04
6.263501761075676480e-05
1.119861536298886448e-04
1.102553338807023492e-04
8.603304098800080245e-05
1.226710638164790431e-04
1.338618698280537528e-04
1.226454322009986524e-04
1.405454934292216934e-04
1.171115386947954470e-04
1.178319553358376501e-04
1.424104162668768847e-04
1.315774527883891841e-04
1.081158906199288031e-04
1.096868645723354563e-04
1.115833403944138332e-04
1.190814236359208383e-04
1.273731462103140535e-04
1.219303487382013008e-04
1.231230657586585215e-04
1.161418029703832844e-04
1.261419689625245804e-04
1.081844733355998884e-04
1.250234169066077731e-04
1.080504986016760029e-04
1.118787115733201255e-04
1.081834209460172239e-04
1.269848566615203015e-04
1.426300887769853644e-04
1.428353606974674559e-04
1.200865987108820074e-04
1.019125152113162328e-04
1.109660269873058035e-04
1.137855460426719979e-04
1.098272259727966853e-04
1.081442870890390650e-04
1.081588068972097781e-04
1.429551390880641482e-04
1.262969067620697524e-04
1.186761240087771106e-04
1.197512481338789894e-04
1.427208469269520880e-04
1.193428337873885079e-04
1.376583697410500894e-04
1.311737338758003793e-04
1.081445433286446623e-04
1.072509688853003502e-04
1.429609235738436238e-04
1.287547477878197514e-04
8.962048418778882034e-05
1.294906458884659565e-04
1.197808385797914172e-04
1.156709134498874481e-04
1.359972968336470506e-04
1.372624646225834369e-04
1.154827069361393237e-04
9.204576915751479650e-05
1.429269284261426402e-04
1.208680091590648052e-04
1.428567077349878725e-04
1.084185099408068164e-04
1.080445653319319136e-04
1.200729863223649939e-04
1.090558953388645499e-04
1.226222788512100188e-04
1.080763962280403275e-04
1.423501702245164122e-04
1.080512043029840756e-04
1.092658056704833361e-04
1.371585681153175836e-04
1.281994837001391161e-04
1.326124200028711562e-04
1.027813071830140014e-04
1.187519469862377059e-04
1.099242684177241367e-04
8.812459617633670362e-05
1.204658848031932435e-04
1.283612703180856101e-04
1.082135535984067966e-04
1.413928111436166073e-04
7.888902509707630966e-05
1.252955251284555162e-04
1.081315362706955057e-04
1.082260475026556213e-04
1.080265884870303724e-04
1.084369283959133861e-04
1.283307233984908079e-04
1.356515869898827862e-04
7.893421785091181647e-05
1.194641194320273444e-04
1.062845077112965894e-04
1.429727183621994232e-04
1.341953419148048847e-04
4.906871981591864066e-05
1.350444338891489647e-04
1.137488264109582568e-04
1.116017623790756860e-04
1.301550380245711388e-04
1.413525621282367786e-04
1.200008221828781385e-04
1.030666969317853049e-04
1.171534686827053383e-04
1.315074973581010196e-04
1.296314282291807459e-04
1.139479607359219278e-04
1.081705021174751377e-04
1.086897884774287905e-04
1.417979237927554108e-04
1.142177410643691656e-04
1.240765582771792422e-04
1.114450930859650304e-04
1.429177285853848412e-04
1.322112945169246813e-04
1.114517698786804607e-04
1.085156141942680093e-04
1.428605459326321879e-04
1.081842581148372224e-04
1.187167762576858362e-04
1.185849987124313465e-04
1.133206728793664624e-04
1.169704107339880806e-04
1.177830237511274690e-04
1.244153816775939159e-04
1.340670617714244850e-04
1.008340702092090424e-04
1.081995231983881497e-04
1.190533795286377383e-04
8.551465687442363732e-05
1.184378048282884509e-04
1.081487033184625601e-04
1.081073845383614127e-04
1.080701011957260207e-04
9.266581829744839161e-05
1.114643343606126720e-04
1.124426099255305511e-04
1.286168026421432773e-04
1.027369515390495536e-04
1.188673443876992381e-04
1.080890465259030453e-04
1.280478694462141372e-04
1.094176424971836430e-04
1.429013831255518386e-04
1.081266924340222851e-04
1.248412870903915187e-04
1.345119682722664570e-04
8.147910221762481007e-05
1.418807045710042316e-04
1.103723601632269669e-04
1.138993559632378100e-04
1.192798982893244700e-04
1.115880244163413746e-04
1.215112312130550725e-04
1.125770324798033552e-04
1.379863827811208632e-04
1.359939150331285023e-04
1.214938710342461245e-04
7.245475928004168004e-05
1.419685893885180730e-04
1.161656837127710744e-04
1.081741681448251827e-04
1.082116662042645496e-04
1.089293101207052390e-04
1.429661360879842379e-04
1.429845346731581498e-04
1.198334007470850418e-04
1.075775420615711971e-04
1.192400660483128051e-04
1.103530180823025336e-04
1.227260804752302432e-04
9.908281552226425948e-05
1.084630625735339007e-04
1.090837487264772874e-04
1.081578756683212078e-04
1.096230557188257839e-04
1.320827165540304667e-04
1.240665756064891908e-04
1.429618254515271881e-04
1.016018024563013911e-04
1.098238485229046990e-04
1.090314396218738507e-04
1.081822359749493539e-04
9.384921104861455410e-05
7.217966151845054681e-05
7.644400382231560781e-05
1.169728417001656518e-04
1.082377316210853300e-04
1.080958446327373959e-04
1.179794541599221973e-04
1.095412093979610885e-04
1.422378378866487900e-04
1.224352175773482578e-04
1.084425567354526911e-04
1.370847136033464348e-04
1.093483729332716230e-04
1.160591361639789039e-04
1.332935778095733126e-04
1.400895005000770180e-04
1.239655914599464457e-04
8.628394062815942882e-05
1.118561431433640725e-04
1.387488752710749993e-04
1.081338994884651733e-04
1.132338576789386448e-04
1.289846063554233745e-04
1.082159293035703549e-04
1.363515614201037075e-04
1.080815189158943011e-04
1.234971065115970956e-04
1.092408476589904620e-04
1.081675145523828624e-04
8.617510100824184443e-05
1.170222334963000592e-04
9.631913998738896032e-05
1.398730054276073049e-04
1.114947621669283519e-04
1.428321281259236524e-04
1.271096264232525767e-04
1.081322856053803432e-04
1.152336482140488429e-04
1.140935143911081930e-04
1.248432302637175414e-04
1.326044054150298413e-04
1.225490490620964623e-04
1.425322055276274523e-04
1.318187594994959459e-04
1.418028269771157287e-04
1.082636433861975528e-04
1.173671234695389715e-04
1.081267599229503461e-04
1.409775978244821133e-04
1.134348571167404825e-04
1.115118848110373419e-04
1.292615261414882142e-04
1.161583914053052020e-04
1.429285959036237931e-04
1.282640426086136898e-04
1.323216025470914817e-04
1.354883412347961580e-04
7.337302269484607400e-05
1.085388179968014622e-04
1.109297824507812449e-04
1.080663179756675979e-04
1.081038629759286914e-04
1.422086368628933182e-04
1.262087612724792677e-04
1.024052585981499258e-04
1.376014888829028826e-04
1.011735738403430837e-04
1.132269320331039916e-04
1.079733986302314490e-04
1.094156463994766645e-04
1.133181040121076578e-04
1.104782702237347138e-04
1.331281805845051301e-04
1.078931449127492183e-04
1.428519709623675470e-04
1.011259756288146125e-04
1.078062134459506293e-04
1.381328271295219497e-04
9.750200391172915177e-05
1.079767069416835213e-04
1.093769666982569703e-04
1.103682492553330054e-04
8.517134046175868132e-05
1.079291998406814408e-04
1.306773262152101140e-04
1.081525195287564179e-04
1.082162921314284586e-04
1.363053877496524582e-04
1.031158905570245997e-04
1.092438765026685114e-04
1.290335588977229928e-04
1.306017566625534065e-04
1.428657410437389268e-04
1.164294293503149237e-04
1.085421165667125324e-04
5.980919844559044811e-05
1.387176629276817505e-04
1.139947027737176990e-04
1.353485860509751699e-04
1.163318836503364370e-04
1.080579161225613422e-04
1.400833258372551472e-04
1.249916390111981731e-04
1.318070071610682407e-04
1.081382046916385851e-04
1.166029481249064998e-04
8.778543726895826605e-05
1.452939052836864267e-04
1.215235556818088303e-04
1.250687660756369705e-04
1.119263944110150227e-04
1.428824765035060509e-04
1.170435726944285391e-04
1.275567569054890469e-04
1.351963385621536248e-04
1.060949168268724688e-04
1.164564002688500991e-04
1.244112287774140580e-04
1.393429135903176636e-04
1.088483540604134327e-04
1.403173097350593967e-04
1.317321150088024949e-04
1.112914750849457239e-04
1.429553527131326564e-04
1.093040814750010579e-04
1.106570154694997262e-04
1.318364725340902830e-04
1.255064674105006587e-04
7.966923492488240288e-05
1.367294855743625230e-04
1.079269131475750883e-04
1.080694799640014839e-04
1.088178942828324367e-04
1.079202711406633986e-04
1.080353731763521565e-04
1.103364784316657806e-04
1.258134513603991530e-04
1.270253318689692470e-04
1.355364129888467727e-04
1.097555154732665243e-04
1.428616382668223021e-04
1.081476274883378806e-04
1.071340665869565241e-04
1.084416909954464365e-04
1.089731568744886343e-04
1.082158012469267239e-04
1.429663987214217509e-04
1.080529198157856871e-04
1.247234626575805731e-04
1.213773230182999473e-04
8.867954230403809741e-05
6.148601573788365303e-05
5.488120150845247376e-05
1.147687546900096463e-04
1.093256794833209148e-04
1.310323923983485980e-04
1.082524409631096613e-04
1.082332869025825751e-04
1.212492549977166719e-04
1.081789441615103474e-04
1.175325032561778591e-04
6.262702301008791659e-05
8.494107267838267930e-05
1.207682195814429872e-04
1.153725320653654728e-04
1.331344202694876981e-04
1.110474080600506704e-04
1.134896046458513290e-04
5.879713232769955174e-05
1.150364769262912260e-04
1.208009370919873091e-04
1.373796580718659077e-04
1.171729822704879525e-04
1.231814715699404981e-04
1.134222250956156216e-04
1.163958555234026763e-04
1.289163117428573826e-04
1.104628598622211258e-04
1.079177993488058325e-04
1.090107660957073405e-04
1.248355268833311606e-04
1.145618663332258365e-04
1.080829936052360652e-04
1.087790556821513369e-04
6.320955708360993894e-05
1.094654568952869002e-04
1.190338746231607580e-04
1.424976588040223230e-04
1.207746479278908438e-04
1.215703208277704408e-04
1.081700534273694921e-04
1.297390001105917377e-04
9.238342819260123527e-05
1.187877223845522140e-04
1.131437086062052181e-04
1.192935715700377166e-04
1.083528944634423686e-04
6.565781403524949809e-05
1.068362623797199388e-04
1.429733304376596445e-04
1.119949878258806223e-04
1.393947202156779091e-04
1.178580238032551252e-04
1.210357188315186645e-04
1.428684638700820095e-04
1.316181569562606911e-04
7.847425709639062569e-05
6.712466461120014292e-05
8.448706754254286741e-05
1.255746407330269254e-04
1.147348164152018848e-04
1.193367217128548947e-04
1.429513275020875092e-04
1.114406607524853364e-04
1.373034873658432898e-04
1.428654587898478773e-04
1.427048556858304140e-04
1.437367822484668422e-04
1.081012972155838777e-04
1.113536578408776535e-04
1.122302558550708414e-04
1.423343832927219800e-04
1.297554246651476178e-04
7.672056098276353541e-05
1.077650787701039741e-04
1.238812918271246690e-04
9.481962433131608517e-05
1.017299116883638285e-04
1.290303169875423104e-04
1.111438318330497236e-04
1.070627951452041686e-04
1.074793535488432561e-04
1.287442633876403647e-04
1.232105121211715952e-04
1.323701909825557874e-04
1.428310703820063229e-04
1.410359049921688717e-04
1.099387264094663682e-04
6.151981515106151035e-05
1.335142893015860469e-04
1.407179494955709007e-04
1.151526657951217780e-04
1.201670794828217762e-04
1.425684555569106703e-04
1.156711217344377676e-04
1.082488122750437196e-04
1.408612457775385853e-04
1.372368782534118888e-04
7.501474693775091900e-05
1.281886899214948255e-04
1.094386102585707189e-04
7.008796981722303790e-05
1.082901581294543633e-04
1.361430577125695332e-04
1.078602884084665432e-04
1.112512528064994716e-04
1.080698022035532578e-04
1.081565216559788836e-04
1.104590183602895196e-04
1.424174917924911322e-04
1.083559595237467820e-04
1.091332670544834400e-04
1.262283651826124600e-04
1.090895589849576717e-04
1.401901820841019715e-04
1.266563675509740602e-04
1.193532486743824442e-04
1.091602990649571437e-04
1.187773443352519126e-04
1.204859754190475038e-04
8.463425836398367997e-05
1.207399330300043560e-04
1.219947737048961286e-04
1.335966328813101972e-04
1.118043329513428088e-04
1.264556272457394062e-04
1.109588293493961694e-04
1.029868855653147158e-04
1.092160240042866693e-04
1.263600513615450386e-04
1.088054427766691157e-04
1.082445746908012295e-04
1.081173999182283974e-04
1.432339514036532228e-04
1.081941278779178643e-04
1.082601959794260438e-04
1.083133404809665049e-04
9.826120150869942932e-05
1.065320998287056208e-04
8.446708579341500483e-05
1.418683370620443362e-04
1.287446388731596425e-04
1.428416367451325287e-04
1.365756899127902808e-04
1.427460242656185046e-04
9.062988321983518852e-05
1.239685643631211398e-04
1.081465546577561573e-04
1.082550538677019245e-04
1.142939318499346433e-04
1.289147799196951709e-04
1.028078272206038991e-04
1.079823137749363692e-04
1.081729451828793723e-04
1.125767674710477197e-04
1.162339722203274884e-04
1.433208212817918450e-04
1.085456325721746799e-04
1.016932637069897202e-04
1.099951939862204989e-04
1.081349596524383170e-04
1.081762311324989661e-04
1.081790887522198294e-04
6.170103154511674963e-05
1.428128573237513255e-04
8.484689901474992647e-05
1.094288897886768310e-04
1.184827629303855152e-04
1.085478209659042153e-04
5.672211035011474406e-05
1.265256053481304539e-04
1.322706734030617800e-04
1.264026595506534997e-04
1.082205776625686487e-04
8.908486374352788967e-05
1.200947801841585621e-04
1.081042132792870878e-04
1.196718815303180210e-04
1.081116191993783577e-04
1.082222987760258467e-04
1.081782102166545560e-04
1.084539443944003553e-04
1.021111867582173287e-04
1.086059019438902559e-04
1.133351516442202776e-04
1.331816982598005500e-04
1.094548403570540576e-04
1.156189997057363415e-04
1.081455225618001352e-04
1.081103938368507117e-04
1.168793608985966963e-04
1.245152472401294210e-04
1.373833258003076671e-04
1.429624038606832086e-04
1.082382508415051221e-04
1.081710814548106884e-04
1.399592784065573493e-04
1.085866613213628450e-04
1.192453636475775597e-04
1.082108968072740542e-04
1.206533788149499742e-04
1.117022851436409264e-04
1.038516337298797768e-04
1.112336574488348993e-04
1.424264392566269703e-04
6.638264148743171212e-05
1.080427547343012536e-04
1.190421810259033498e-04
1.236821712569524526e-04
1.428745912761542058e-04
1.181440381444866190e-04
6.840987607911652095e-05
6.987666991112401692e-05
1.296133220307637570e-04
1.195259163919384254e-04
1.121755667712577364e-04
9.634720054742097295e-05
1.424204597368669111e-04
1.344769834574848194e-04
1.251402778534696817e-04
1.125194300870876866e-04
1.410175644925476578e-04
1.192980162138022009e-04
1.428931510818957755e-04
9.713829117140875176e-05
1.329028971976295133e-04
1.080362463796890509e-04
1.080335064368977220e-04
1.081160256680496285e-04
1.068345354229694437e-04
1.089949690222308720e-04
1.080110032131853667e-04
1.184817019537621178e-04
9.064375394458514142e-05
7.962497487996919967e-05
1.124972420296058606e-04
1.081607322327553266e-04
1.270128043376278840e-04
1.424746199089837561e-04
1.170740050879558652e-04
1.081647371510943868e-04
1.116269459889400055e-04
1.086848395701692373e-04
1.318589831753427311e-04
1.175824534340319939e-04
1.082282697611150246e-04
1.230819535364885745e-04
1.100001520205330744e-04
1.081357943054104474e-04
1.190230689400305255e-04
1.398483819862141779e-04
7.781957743209958031e-05
1.081760087884133317e-04
1.349927164276912446e-04
1.431597169561916701e-04
1.281943252180366773e-04
1.081621445111808120e-04
1.084020703661668693e-04
1.041522168950197007e-04
1.167228111169321225e-04
7.938927175743518074e-05
1.390174749125008325e-04
1.128876253704692818e-04
1.400618309659234573e-04
1.029002729224629301e-04
1.100075783916230947e-04
1.115927507145088792e-04
1.428829938092760485e-04
1.297879526764444285e-04
1.191173766183391269e-04
1.425922916731351406e-04
1.048781921221470567e-04
1.081901077073840197e-04
1.085616762229283945e-04
1.203630895655874629e-04
1.427467166610928476e-04
1.080524311494931165e-04
1.164920544601533961e-04
1.081757181643289227e-04
1.081446388571681626e-04
1.309261059890123391e-04
8.787637473727931718e-05
9.951911681819555918e-05
9.244960945672443548e-05
1.187737311191219592e-04
9.739247452060871134e-05
1.225121913303492643e-04
1.200938289105966733e-04
1.261956026105002712e-04
1.081532143269180494e-04
8.550963321925280020e-05
1.082342705011023057e-04
1.256373679957526347e-04
7.597421863970836315e-05
1.202560527236462177e-04
1.081771471378774888e-04
1.383846567259079707e-04
1.402213234369070294e-04
9.727854776681628000e-05
1.188182283726746391e-04
1.263095101488483898e-04
1.339730662087495420e-04
1.115832035917789392e-04
1.083204197319292733e-04
1.081853118065552341e-04
1.428059056399466609e-04
1.118685312901686319e-04
1.081555729169492169e-04
1.300092493739543695e-04
1.080769210417472514e-04
1.176360881899278098e-04
1.080711525316002409e-04
1.428787255940628981e-04
1.088228004677890538e-04
1.081384189213259738e-04
1.102381144543566882e-04
1.078191560934641283e-04
1.122153705447695459e-04
1.087241817888045072e-04
1.081779278085495980e-04
1.080713997220492318e-04
1.083191046699605694e-04
1.411807475798703500e-04
1.379269043413673560e-04
1.186550996029229772e-04
9.545577216840689253e-05
1.052711523057167739e-04
8.970167642393295270e-05
1.265174117061514114e-04
1.081760533068105740e-04
1.428829473108331216e-04
1.220148214823918095e-04
1.173116592409711680e-04
1.080790602406557456e-04
7.714655448917573529e-05
1.274621220848831985e-04
1.082933209104381441e-04
1.003004923184654394e-04
1.257278912189745796e-04
1.110060453505134793e-04
1.295606278319979513e-04
1.290468977517608814e-04
8.210993431397919375e-05
1.429791950387112839e-04
1.110268970531658840e-04
1.103648770974055446e-04
1.216033094077371236e-04
1.334523806156716526e-04
1.351694518041154209e-04
1.428593638268938870e-04
1.081443769553263283e-04
1.082414709285500716e-04
1.213523299967875045e-04
1.028839094082650531e-04
1.285606606289649463e-04
1.087329661160124151e-04
1.081631352824976889e-04
8.621259884320251832e-05
1.081650740283530060e-04
1.309687260581320978e-04
1.110766078690411998e-04
1.262687808510539736e-04
9.906221106769373989e-05
9.987298429915937245e-05
1.306198869631061828e-04
6.474980397410121438e-05
1.050435011930726976e-04
1.415295451697264940e-04
1.403232689401394233e-04
1.074409930660530024e-04
1.102770465219347435e-04
1.225015897848312821e-04
1.108228947207070593e-04
1.082204168256935533e-04
1.082100453360184365e-04
9.264501599712165526e-05
1.088766427941395635e-04
1.130844116616984261e-04
1.216887250013473187e-04
1.425556706226470069e-04
1.118060974213286063e-04
1.239817973012900169e-04
1.235525028635964923e-04
1.363048963292170536e-04
1.126088018776480259e-04
1.080549426154254447e-04
8.450990563978346250e-05
1.081670059677351456e-04
1.129865316558367516e-04
7.566885900629390647e-05
1.429222764181128978e-04
1.326488427003546416e-04
1.198680593638023649e-04
1.132200990788853856e-04
1.084514643939317794e-04
1.084467013238616539e-04
1.099943242427006999e-04
1.096058529212852537e-04
1.081611293682481934e-04
1.080800106702508651e-04
1.384916920291292316e-04
1.097590510026006657e-04
1.247359190599096153e-04
1.071355173246924393e-04
9.966519065671855071e-05
1.428253551596696746e-04
7.727927536886155971e-05
1.399977415090873352e-04
1.331577919716909586e-04
1.366987044409344971e-04
1.414886419923875531e-04
1.081292975326446208e-04
1.286026523909338231e-04
1.079398355201461229e-04
1.089688376873079788e-04
1.096459891130053659e-04
1.141500497944300909e-04
1.173440791179269655e-04
1.219545422993970844e-04
1.120086368620863443e-04
1.084670788568727089e-04
9.059202802345847508e-05
1.289903239717627706e-04
1.080636250744898476e-04
7.383204803564544206e-05
1.205171486604841895e-04
1.338466778038222840e-04
1.078526412746434775e-04
1.400714064550988747e-04
5.805415365237549455e-05
1.429687692408073546e-04
1.262690221632094528e-04
1.081657975482308185e-04
1.274827900488160516e-04
1.162364333872027017e-04
1.092658226014011448e-04
1.377120877934758978e-04
1.342842757152438256e-04
1.279511145122726656e-04
1.429481388420846401e-04
1.429983405582512792e-04
1.160558990325926608e-04
1.411681930250096868e-04
1.224763709767853401e-04
8.965144699028349071e-05
9.101152568554743319e-05
1.429041704903598526e-04
1.091145598484932609e-04
1.432717882786855353e-04
1.213335792995291621e-04
1.267228039096763876e-04
1.081834288177780572e-04
1.406425042205226611e-04
6.975935363374002874e-05
5.927453664479860818e-05
1.136996945934631604e-04
1.182700584253802473e-04
1.188534925512807629e-04
1.301629430267221322e-04
1.242660691955449568e-04
1.081664484790625832e-04
1.204698674839134529e-04
1.080334011939393444e-04
1.097225121834863418e-04
1.090982184887548709e-04
1.078682544617652080e-04
1.084024788506064886e-04
1.081181210109446566e-04
1.179999329657995118e-04
1.094440462705078290e-04
1.082468245680568396e-04
1.168641124854307984e-04
1.365686182116071208e-04
1.244267968066499214e-04
1.276701022603188675e-04
9.259112428805102381e-05
9.480576477892977143e-05
1.368603552670584348e-04
1.081556569012585107e-04
1.099975086373415389e-04
1.201482603610875367e-04
1.230051551933305772e-04
1.080573644750765699e-04
1.435152878965208971e-04
1.422166036459455887e-04
8.216362126844953327e-05
9.962555484603566206e-05
1.143243496507558298e-04
1.082425758614522036e-04
1.363338095643485662e-04
1.135876697909914368e-04
1.124973990437604820e-04
1.428926525545860370e-04
1.143838901745758082e-04
1.082216522181899982e-04
1.416314928626148965e-04
1.232079840115654688e-04
1.081756210257684353e-04
1.109864957950573640e-04
1.081531857717845719e-04
1.091643010921771514e-04
1.080235704699184478e-04
1.062800964009343328e-04
1.078985618110865874e-04
1.104237451051579081e-04
1.081518211794606411e-04
1.081635048941969408e-04
1.420888674635569177e-04
1.178869574613582063e-04
1.334832006157876769e-04
1.425102251896828080e-04
1.222670727497062837e-04
1.082036766446333435e-04
1.081459924945020045e-04
1.279084735238536551e-04
7.348432420586621747e-05
1.105811722799932131e-04
1.403785280039662633e-04
1.084578594943479352e-04
1.081404623880222442e-04
1.317431988975722426e-04
1.184770530000135008e-04
1.148978390477639334e-04
1.191359887726590766e-04
1.419862647930323143e-04
1.123661318184570300e-04
1.080505939149311890e-04
1.017905598056738212e-04
1.081870182383576687e-04
1.425462455678690047e-04
1.114705069443077957e-04
1.178351199587059724e-04
1.413936442749746990e-04
1.279489007091399381e-04
1.097994473498064194e-04
1.237234796462870516e-04
1.079999775618140296e-04
1.414980720403071163e-04
1.399884322550117206e-04
1.119210820345668171e-04
1.429679092847505777e-04
1.309274796260186178e-04
1.071034174734213052e-04
1.326841062043397212e-04
1.126742092312554621e-04
1.081761756612171826e-04
1.082085623880647926e-04
1.093590503052787222e-04
1.164065378044705908e-04
1.079685330422660411e-04
1.232388019853182851e-04
1.186342229310093218e-04
5.925976477606623611e-05
1.179975027770086406e-04
1.083836870981889824e-04
1.433908418730592423e-04
1.385059354674921818e-04
1.173942549207317214e-04
1.290961946983350489e-04
1.182601429937439982e-04
1.423589437430536570e-04
8.688425663405229676e-05
1.212874038087730197e-04
1.185126572448989330e-04
1.244888637667481140e-04
9.801244907816061337e-05
1.429572039099908688e-04
1.034646900246871529e-04
1.114905740690926554e-04
1.429609140915190303e-04
1.082205224076074655e-04
1.026353025647748794e-04
1.234978794728805354e-04
1.001103004712066607e-04
9.107262992234533552e-05
1.108534286852656478e-04
9.627608825829375109e-05
1.081023002971850163e-04
6.629266250283927188e-05
1.365175642856148515e-04
1.153402968778091643e-04
1.041360908655205187e-04
1.043530084193327175e-04
9.806258941317211612e-05
1.088884608040844567e-04
1.405907522040564554e-04
1.171011257236354030e-04
1.100133054950235299e-04
1.081581400133777129e-04
1.220474012084364607e-04
1.081476977015393581e-04
1.169293500614305449e-04
1.161386903416110838e-04
1.400168809024333774e-04
1.264625921411652667e-04
1.113025313720246819e-04
1.084692243938223789e-04
1.429426802183095095e-04
1.084264111602385277e-04
1.080950654694685925e-04
1.082277743172975829e-04
1.168705833528613751e-04
1.168163459692235669e-04
1.142431039642977119e-04
1.081542794149521893e-04
1.129379670264486562e-04
1.090301636976518876e-04
1.080490244697152302e-04
1.093899572721409425e-04
1.428618287009599181e-04
1.061662766538257023e-04
5.455207876905293472e-05
1.093876841164525757e-04
1.178869710111450414e-04
1.098032061556159265e-04
1.355703344232655875e-04
1.061662902720348831e-04
8.877159519497751321e-05
1.081332830657993189e-04
1.093194103113411387e-04
1.270959321320534307e-04
8.044422725316927633e-05
1.132089933348737242e-04
8.733204632204870539e-05
9.199162447522982145e-05
1.081646897773680936e-04
1.071867547887417484e-04
1.047791658758494407e-04
1.187412003431561480e-04
1.272561935234373630e-04
1.139001164167323236e-04
1.269269377850433837e-04
1.107960048872032327e-04
1.307968998123900978e-04
1.030622210957214533e-04
1.127037557179945252e-04
1.176138019005707673e-04
5.856086043873226271e-05
1.280582507692744722e-04
1.080954170986471121e-04
1.332695711595390583e-04
1.082433317673416539e-04
1.081354262684847508e-04
1.083271290669757567e-04
1.080728968234880764e-04
1.081942190913415193e-04
1.275325593347267266e-04
9.673321779370384497e-05
1.379513649866296590e-04
1.362173423044791415e-04
1.045234807579975821e-04
1.119024361731522704e-04
1.102713536845889423e-04
1.156622584306678616e-04
1.423107624462083937e-04
1.246759172056921289e-04
1.156166170538333891e-04
1.031943135693062644e-04
1.087346114216657447e-04
1.161130291812377123e-04
1.213534746104753391e-04
1.429794685213469914e-04
1.199626207321838892e-04
1.082052239090733960e-04
1.428569621016553858e-04
1.005778616782090603e-04
1.405688378768475341e-04
1.218804280908984152e-04
1.098383717403648508e-04
1.137979446028750401e-04
1.276677270341138027e-04
1.113746696411771931e-04
1.219500070535390235e-04
1.223248150760506423e-04
1.088740003441273838e-04
1.272300027374037416e-04
1.142207942250563553e-04
1.428936356654624353e-04
1.085731730738727846e-04
1.080558952842827525e-04
1.333611016926178675e-04
1.219224886334038696e-04
1.092288426584085101e-04
1.210123965809848208e-04
1.299823955323351594e-04
1.098901180588050211e-04
8.096985819408223522e-05
1.177923850885119136e-04
1.429667625660139012e-04
1.102797173220753475e-04
1.047035202109074356e-04
1.319724896504750899e-04
1.426664161391078250e-04
1.290711205146838423e-04
1.097376124713873510e-04
5.951858458030501577e-05
1.080241339918882714e-04
7.046798221000260957e-05
1.428554242621700736e-04
1.014087240154941665e-04
1.086374869216838647e-04
1.079633948719488829e-04
1.124029281393114181e-04
1.210383679695798846e-04
1.074776252767993735e-04
1.130331317114043022e-04
1.180702629036893509e-04
1.205755776212483345e-04
1.387968053292196560e-04
1.081895872853575423e-04
1.081428622961135911e-04
1.398941388033480464e-04
1.157798204416249068e-04
1.149774299459816970e-04
1.148521615343051148e-04
1.136099272896834910e-04
1.424891214288372381e-04
1.080235306258397956e-04
8.396618396646863419e-05
1.109806122119883642e-04
1.184163732461826447e-04
1.317215002471898173e-04
6.449859344991613951e-05
1.089833694983875583e-04
1.095440670261031262e-04
1.201741862202095594e-04
8.661931550098741508e-05
1.013655761657563433e-04
1.111210209245953580e-04
1.194046467896442198e-04
1.176941661962662371e-04
1.080899595262119184e-04
1.277511025961075575e-04
1.062633466107045703e-04
1.139185090521635025e-04
1.088204877940820959e-04
1.082165982129754209e-04
1.307389662730745554e-04
1.081354945726943834e-04
1.227402689052166233e-04
1.200770861521085277e-04
1.096586509603456446e-04
1.149014019743103000e-04
8.016097244847134886e-05
1.080879971600741271e-04
1.092161810426524739e-04
1.426196136191250189e-04
1.378021465347798271e-04
1.088714876779043071e-04
7.660121819012774308e-05
1.153025744134470392e-04
7.534631813267933216e-05
1.082558766214519145e-04
1.429164322320063563e-04
1.265686031486109426e-04
1.253250974581600829e-04
9.030882825266389898e-05
1.287183476519102130e-04
1.428560294287864365e-04
1.328177216314080844e-04
1.084600523923922926e-04
1.244434742570500957e-04
1.132576556628351992e-04
1.102360136963362130e-04
1.135843871277639975e-04
7.649577048069918503e-05
7.735511939759797632e-05
1.363825772560603856e-04
1.345542638411246204e-04
1.082280505131535909e-04
1.272521578559665599e-04
1.198499952989905880e-04
1.428991764929795889e-04
1.082010459080501779e-04
1.147333118956974751e-04
1.429058381840299429e-04
1.272597598421674938e-04
1.385768471705366937e-04
1.075835961267380503e-04
1.087023314164945256e-04
9.839107741132457040e-05
1.035503789418505373e-04
1.200043429195022542e-04
1.078991790290340883e-04
8.122247083580049919e-05
1.309178109617955264e-04
1.333015106192086757e-04
1.114373462748381055e-04
1.158145767937591845e-04
1.350425289335481234e-04
6.623765334847212178e-05
1.015243008168907509e-04
1.099977808525797368e-04
1.080546525608277135e-04
1.405009623012018309e-04
1.360534777835145409e-04
1.305107536832447973e-04
1.087739447422003339e-04
1.115387415358815287e-04
1.247914593452352885e-04
1.148157248975521317e-04
1.429494042897489934e-04
1.102271089495035126e-04
1.118312896363916193e-04
1.142085361333623978e-04
1.335951463753798048e-04
1.130124078688114872e-04
1.289148634347829199e-04
1.078404410084961171e-04
1.379889832559524823e-04
1.082218911581851614e-04
1.235145173899985984e-04
8.419266333177164146e-05
1.359823220660153094e-04
9.947127739451387706e-05
1.035402989941758414e-04
1.082997973448392707e-04
1.071077730664434912e-04
1.248460773179313173e-04
1.262473100296205057e-04
7.771909436739942573e-05
1.152360326567828015e-04
1.096999135144102023e-04
1.371783831658560928e-04
1.151215584708662159e-04
1.022572423321076754e-04
1.278448622943842569e-04
1.073987815284791028e-04
1.062629158491712477e-04
1.116253578532923167e-04
1.096237874536301653e-04
1.090373133197147164e-04
1.087933098115510610e-04
1.433111826827371531e-04
1.169210096929031785e-04
1.429588842275055557e-04
1.080147372121059360e-04
1.121216000009788252e-04
1.086185885254861667e-04
1.075997959737327647e-04
1.124285986049000793e-04
1.197015565623959539e-04
1.417161827248492316e-04
1.392515431996239385e-04
1.405752639277157978e-04
1.052740995980364108e-04
1.094889579260051126e-04
1.233947948570082069e-04
1.082286291202091017e-04
1.171603785855443257e-04
1.086549880087491214e-04
1.147622628263048923e-04
1.421803299329574982e-04
1.242440725709078317e-04
1.286962957962601824e-04
1.256809961831692967e-04
1.171253417085070720e-04
1.308803315454186086e-04
1.255086105189731909e-04
1.239074207193598543e-04
1.082266811499301915e-04
1.424685988812907826e-04
1.120311203335006223e-04
1.139074696875805282e-04
1.285668308455000268e-04
1.082413218282622235e-04
1.346360677606146816e-04
1.186698904819631493e-04
1.091025706551188349e-04
1.080094691461555199e-04
1.178041071720295913e-04
1.081009982065688472e-04
1.083252797831880899e-04
1.297147478877772465e-04
1.070572848283922782e-04
1.428626901607358277e-04
9.669176189938177358e-05
1.084073772748572366e-04
1.198934501884550355e-04
1.158401133536214540e-04
1.082013661817671761e-04
1.142865352867700651e-04
1.080051396800529992e-04
1.124194987217154505e-04
1.386503761659062944e-04
1.159030537652201996e-04
1.110540429898247916e-04
1.220290946180199688e-04
1.337844855842508333e-04
8.751457628540663177e-05
1.118491220874299205e-04
1.122718346588123849e-04
1.229703582560482235e-04
8.497291573529833946e-05
1.187862003820116537e-04
1.326902967472658710e-04
1.100011592406509585e-04
1.176311913645297717e-04
1.298070300282250364e-04
7.284258812963626483e-05
1.283868153957764527e-04
1.429058798070973759e-04
1.346297514357033083e-04
1.092557948959859446e-04
1.085390212088661101e-04
1.081588128181360978e-04
1.234166416039710686e-04
8.981739945410364880e-05
1.309095750714720126e-04
1.413436316713360789e-04
1.373990721668229362e-04
1.138140323662271893e-04
1.365703600254111782e-04
1.245843586561764388e-04
1.143687835860033480e-04
1.344396289604418118e-04
1.053382274983926558e-04
1.429362971289600012e-04
1.156934779994906343e-04
1.252657559142014330e-04
1.064223058751554503e-04
1.080457237808079109e-04
1.229221241340350550e-04
1.291095850654053298e-04
1.239334029732062979e-04
1.045900257544735048e-04
1.082715655040071003e-04
1.124024824008529593e-04
1.194926218449016489e-04
1.329781245871160277e-04
1.423595026261004052e-04
1.428737951572304913e-04
1.404839762749867185e-04
1.113220794769209779e-04
1.428634153753898363e-04
1.081827061116031908e-04
1.233688908862870255e-04
8.043184322593368782e-05
1.365860300571362874e-04
1.082727938334452229e-04
1.081305254931268467e-04
1.306238073421238041e-04
1.200397177517179307e-04
1.049180207225481357e-04
1.186134173944235600e-04
1.218676662270363928e-04
1.181337490581628702e-04
1.239533450751017368e-04
1.096070743768804237e-04
1.427807427974045701e-04
1.336728998229777293e-04
1.087354051900090086e-04
1.298206781783578186e-04
1.413951026952566469e-04
1.247354038730042174e-04
1.090885401161492170e-04
1.334996494316934847e-04
7.498086799378819050e-05
1.305521640438830574e-04
1.267049142607372110e-04
1.134291715650895287e-04
1.114525476616541751e-04
1.166952262826304845e-04
1.262844226883115702e-04
9.999389659332828426e-05
1.094844778574750904e-04
1.340195445317670135e-04
1.318008318957322375e-04
1.278107084709112344e-04
1.237535758428344001e-04
1.078214458874314795e-04
1.085582128907886564e-04
1.301470280905219325e-04
1.141062057809732701e-04
1.161636582246480646e-04
1.396513540546640540e-04
1.434001485839183244e-04
1.246347810592851330e-04
1.362909995245226494e-04
1.279425540935286577e-04
1.082516100154862757e-04
1.341995733481153434e-04
1.339986288242141623e-04
9.563869410477018277e-05
9.586727120302349428e-05
1.164634920664195790e-04
1.106151255140941239e-04
1.386212269749277171e-04
1.202767368237414505e-04
7.245938145119791779e-05
1.429549637266434782e-04
1.149768228774791876e-04
1.081944478976816455e-04
1.085383695601227212e-04
8.461574356138716038e-05
1.081670382590076796e-04
1.387408886890126954e-04
1.018800964813606276e-04
1.213720660494479775e-04
1.400748373388570117e-04
1.286183471083607657e-04
1.320649258755365190e-04
1.032144416576052546e-04
1.035924473276956983e-04
1.217650275377848886e-04
1.065490705050926081e-04
1.083644304837132866e-04
1.256643720032107555e-04
1.328507427129148278e-04
1.139037934952587543e-04
1.119666212511455031e-04
1.081790166642382763e-04
6.838533910366903056e-05
1.081381080907220965e-04
1.081721333999095477e-04
1.102838946070292718e-04
1.081840668462062839e-04
8.410686291005769620e-05
1.161156642105517080e-04
1.244563559128908771e-04
1.395350004850537406e-04
5.905666444576763757e-05
1.088186641227282609e-04
1.082149840090936672e-04
1.427167294986442789e-04
1.172645392799681553e-04
8.885993534696109562e-05
1.092697009399729751e-04
1.351987544157448292e-04
1.081492283400689505e-04
1.085257089667589930e-04
1.076180897585904921e-04
1.421229982814984597e-04
1.429190617838257005e-04
8.412368825124379179e-05
1.298487493302134192e-04
1.352468473267317813e-04
1.090561081408874877e-04
1.100903483127787369e-04
1.428350040360672809e-04
1.082327972302142208e-04
1.429598180661911344e-04
1.081913301035271493e-04
1.190393026825453925e-04
1.422831552191526280e-04
1.079890326625717429e-04
7.231706016834030010e-05
1.134400517307304016e-04
1.387269545510870581e-04
1.140335946024710986e-04
1.082177101436712142e-04
8.250849847336716024e-05
1.081661080543537074e-04
1.071283928611054583e-04
1.009611426828390930e-04
1.185036483851338189e-04
1.371917425566842675e-04
1.225756831202159773e-04
1.369090196845420551e-04
1.081442730823997108e-04
1.394252298725691549e-04
1.286181365950748447e-04
8.611149396729091544e-05
1.087214625975455474e-04
8.230895084411542434e-05
1.084092559685352115e-04
1.220203716911781892e-04
1.171608235568801453e-04
7.218779321899815380e-05
1.227380596917955903e-04
1.062091303649236756e-04
1.420743235148282709e-04
1.080161458793959422e-04
1.254018361162547650e-04
8.416260923409199263e-05
9.889291250799566639e-05
1.424422969678202917e-04
1.412912965913957434e-04
1.116855554433488390e-04
1.017471673376518191e-04
1.080988523769807323e-04
1.086430675266992487e-04
1.183454653846744884e-04
1.042939712213544919e-04
1.127256383892086180e-04
1.081783338937232779e-04
1.162270654601923851e-04
1.274272261174178651e-04
1.019241783008391898e-04
7.949140799862814322e-05
1.083679628832383534e-04
1.093665768255253155e-04
1.425027280023510282e-04
8.947279973520408532e-05
1.434359055866763378e-04
1.088257047477987632e-04
1.428903711255486504e-04
1.060613000610735764e-04
1.081907870362404389e-04
1.095205564742440124e-04
1.388201344658338964e-04
1.304409737591174525e-04
1.428815635053019395e-04
1.256845093648818550e-04
1.241520654220782771e-04
1.013859526376899843e-04
9.599858984293633266e-05
1.177919053984789521e-04
1.080008024816665762e-04
1.425374539978623424e-04
1.419559980999136775e-04
1.197056753925780664e-04
9.202376727907234609e-05
1.080732607466347399e-04
1.191394639687569812e-04
8.304125466814840618e-05
7.378153507425953502e-05
9.521972360249503209e-05
1.428509832995434085e-04
1.111171193994350142e-04
1.081112340010028554e-04
1.231244882392937300e-04
1.081228458188146382e-04
1.079655358698463811e-04
1.026008399525868680e-04
1.282000048482350395e-04
1.086785755988360831e-04
1.100626626293045259e-04
1.355399693857684386e-04
1.081851912090313914e-04
1.083305763011119764e-04
1.085139765480023979e-04
1.251491262758428001e-04
1.307333884673345635e-04
1.410955199061291517e-04
1.219694807235571500e-04
1.152649502468828754e-04
1.126527526094924864e-04
7.216842662619112525e-05
1.062730213258570591e-04
1.197902691924609010e-04
1.200472843349955824e-04
1.078592808728151304e-04
1.023142525919291132e-04
1.402149682453076305e-04
1.429848633565429126e-04
1.081396736366371157e-04
1.079023426797747588e-04
1.110311225610766724e-04
8.268097463149649514e-05
1.429811508343026814e-04
1.081679272363931859e-04
8.910515871068312678e-05
1.429731462162970874e-04
1.346615585028394931e-04
5.205516346980686626e-05
1.341750626482752075e-04
1.413241528175140861e-04
9.596763309597612700e-05
1.424998364485560135e-04
6.251562145794027788e-05
1.179205449522701679e-04
1.142857555904626149e-04
9.400212190342390470e-05
7.931339362462130546e-05
1.183625515550460231e-04
1.098938683391544323e-04
1.082287084230943103e-04
1.080619824838997047e-04
1.335122746629242862e-04
1.254491456995343579e-04
7.278789982057818936e-05
9.147561240962641567e-05
1.081165725085814016e-04
1.281819220093050569e-04
1.097836600978724288e-04
1.019264635094378893e-04
1.090251562703557938e-04
1.087561642015718954e-04
1.046052132138627493e-04
7.212140228739801048e-05
1.080673358012941543e-04
1.191378617146251736e-04
1.247174038496724996e-04
1.356650454256312296e-04
5.751488081134270493e-05
1.367037535291931803e-04
1.419113902059092411e-04
1.080830818899079017e-04
1.182310263387804542e-04
1.109053351171425010e-04
1.082181607961905711e-04
1.272202736391524528e-04
1.427332279372760184e-04
1.096654797292044147e-04
1.074162731716419666e-04
1.341566788387060804e-04
1.239368878916341586e-04
1.087470965583431159e-04
1.144909831299189016e-04
1.221941812909116203e-04
1.285536550849685031e-04
1.427811315784940319e-04
1.026746366074314293e-04
1.116753548592020856e-04
6.093454716501918851e-05
1.082163431752396313e-04
1.208528241565746112e-04
1.183231042080604600e-04
1.272915320500775502e-04
1.125157734941659914e-04
1.359087830594931843e-04
1.081207689366097129e-04
1.084063109925849068e-04
7.199353458881211482e-05
1.096782832329760158e-04
1.417105033204456483e-04
6.963392278988877516e-05
1.256840436541197458e-04
1.058789900285874770e-04
1.417449748633662103e-04
1.097761484992865579e-04
7.985834951856264521e-05
8.991964582613134734e-05
1.368460587819435434e-04
1.094703466093362648e-04
1.082428860770421139e-04
1.140000025869808745e-04
8.493530144185715183e-05
1.274040962113288228e-04
1.080553910915788213e-04
1.217840410226947743e-04
1.248270539585825457e-04
1.228086638931288606e-04
1.283124293878386269e-04
8.465304044275643420e-05
8.950146792322495669e-05
1.407157136149544518e-04
1.117606730155607490e-04
1.267957584774295125e-04
1.081521891853332289e-04
1.091476202751198585e-04
1.108397832667748723e-04
1.269114903908319782e-04
1.090620214970133373e-04
1.151098438162040562e-04
1.101675098844624284e-04
1.164637104819928585e-04
1.080417174345407624e-04
1.212927861969710001e-04
8.958925058706242465e-05
1.013711036345435083e-04
1.079402800598927434e-04
1.080704370098020846e-04
1.432533979996243926e-04
1.117541953590264016e-04
1.162996177552283385e-04
9.904510774403106144e-05
1.158670170203398566e-04
1.428538561580378801e-04
1.079977815279078491e-04
1.241042919236040674e-04
1.386071462229560621e-04
1.414547227909151777e-04
1.035966041248078393e-04
1.090211358763959758e-04
1.091745923089447793e-04
1.386541118339446564e-04
1.078389683039370796e-04
1.128007839194348225e-04
9.787666315317116643e-05
1.082150145676948354e-04
6.927010004228916959e-05
1.283868250433679078e-04
1.084760723286505926e-04
1.279745616516137722e-04
1.271031122677166001e-04
8.904921919639515956e-05
1.156112137481786093e-04
1.075577468714916278e-04
1.428566322677176086e-04
1.090103358089217141e-04
1.096211434135814657e-04
7.230623005701406999e-05
1.061403917335441456e-04
1.080264579913833015e-04
8.386193051095435619e-05
1.335364359491636129e-04
1.218475639543338892e-04
1.380328649763332713e-04
1.428967744040484777e-04
8.041920981819816565e-05
1.279338953723811062e-04
1.123831873760155667e-04
1.428505501032171587e-04
1.081606571875999611e-04
1.084863553823348521e-04
1.264672179967487524e-04
1.081591968862220397e-04
1.116333701321326323e-04
1.240638032076851174e-04
1.036624951295918111e-04
6.374937583199496299e-05
7.652872484395406073e-05
1.429604290866271507e-04
1.242314950786750063e-04
1.081800944633557008e-04
1.123470959598719525e-04
1.103261837135013484e-04
1.118445017994751497e-04
1.108399059632945240e-04
1.139827732467221664e-04
1.079848578155688640e-04
1.428973832146963961e-04
1.116121896424082644e-04
1.082255078238681089e-04
1.086643667081135025e-04
1.070813098593774687e-04
4.099126095400996159e-05
1.283460854092817460e-04
1.087815645440762691e-04
1.068183418271717448e-04
1.177905872038066112e-04
1.084393879580147497e-04
9.533094947966203189e-05
1.109486759200231675e-04
1.172926232458041556e-04
7.998586480926798080e-05
1.429048816500833833e-04
1.080972935070092296e-04
8.637141909391474052e-05
1.109744156537914540e-04
1.089374435178707356e-04
5.677927648932779757e-05
1.213082681951398547e-04
1.266277188520873722e-04
1.081563122182442317e-04
1.145616124020945874e-04
1.081812666246540226e-04
1.366825258875897179e-04
1.140941037984130569e-04
1.227591042025879999e-04
1.363068081714244686e-04
1.141295884352715558e-04
1.392395001436887386e-04
1.080365659133887486e-04
1.081763231935738075e-04
1.429213539194265441e-04
1.185786043699274918e-04
1.087088040229125286e-04
1.087586037455793192e-04
1.294063235203819393e-04
1.277596198668809089e-04
1.326025565565149879e-04
1.251778849776661521e-04
1.189425233571194291e-04
1.224331419951727254e-04
1.250664882761569861e-04
8.673733844364887239e-05
1.412225625685437622e-04
1.326854405603070206e-04
1.196273189478871425e-04
1.028978749462584305e-04
1.071102648295519879e-04
1.142582958053666001e-04
1.082729568687919205e-04
1.080489469489766632e-04
7.811033765076702887e-05
1.297045608884181119e-04
1.304288715176044544e-04
1.026719668612624054e-04
1.105797854868931256e-04
1.081627688361347297e-04
1.132472528684890282e-04
1.382386424000758428e-04
9.210596621019088949e-05
1.084892861869051720e-04
6.129722147713207760e-05
1.428471335432108689e-04
1.106938823793538883e-04
1.371895330950993318e-04
1.079673266817567106e-04
6.881873212844566835e-05
1.319539745341875619e-04
1.369268965352904476e-04
1.327615215421508411e-04
1.324174379154406883e-04
1.404447923731677974e-04
1.221794760374029479e-04
1.099072875503122998e-04
1.112570585580333635e-04
1.081656717611130091e-04
1.268282319575978498e-04
1.082039143006516350e-04
1.084243258804706297e-04
1.421498699866885354e-04
1.252291822742825306e-04
1.190207442955208006e-04
1.207463027949667248e-04
1.099156803695256455e-04
1.207225696782272942e-04
1.429594976735241204e-04
1.081802611516814678e-04
1.150860994277571269e-04
1.125845166580188763e-04
1.116982247624407151e-04
1.354981909397817361e-04
1.225293779461997191e-04
1.157492193086722348e-04
1.419030702531170443e-04
1.165720616769392665e-04
1.148993605804251770e-04
1.140021818583944431e-04
1.109400435300107371e-04
1.088714427497607584e-04
1.090361061212913920e-04
1.428363224965358230e-04
8.839813538625345356e-05
9.536795497692940012e-05
1.193653502077217154e-04
5.472797646756651980e-05
7.127069692050660196e-05
8.363027705660921931e-05
1.081693426122590256e-04
1.147948136869453089e-04
1.081437686328475260e-04
1.180198827741889088e-04
1.208414528180044373e-04
1.111711396446339741e-04
1.090504775018213621e-04
1.081670874722504136e-04
1.094410927693605372e-04
1.429573649363437651e-04
1.078208930464980334e-04
1.124556014910164519e-04
1.243284026823285012e-04
1.081762526529963728e-04
1.098459703454351770e-04
1.082013524567132322e-04
1.287144847818533471e-04
1.082590515706114098e-04
1.080329847211572886e-04
1.367609905918878261e-04
9.793535017384641167e-05
1.075306703089356586e-04
1.405081731046790188e-04
9.647085388809060916e-05
1.365748996883449666e-04
1.168433812368776576e-04
1.249787043312372765e-04
1.211969031331777908e-04
1.196206547449362839e-04
1.080836258809000059e-04
1.100940030735527580e-04
1.151273685161834678e-04
1.319261537512752581e-04
1.086245353639643914e-04
1.080730910513974670e-04
1.363203548913183413e-04
1.205317107622636355e-04
1.429292625300817394e-04
1.138336435467912481e-04
1.281798521741047401e-04
1.264298551080644134e-04
7.457085137395489587e-05
1.370515486598306888e-04
1.128889882282793806e-04
1.429850605084673914e-04
1.412593590412437546e-04
1.080285665390572612e-04
1.291113886199782973e-04
1.384754587526779537e-04
1.133314486906222032e-04
1.089116821954458732e-04
1.237479504130993286e-04
1.187251281738486362e-04
1.135741637783540045e-04
1.088108976853585663e-04
7.588659328792722093e-05
1.081021714126276928e-04
1.087896609703875312e-04
8.401780380830178505e-05
1.118843950218960544e-04
1.245459784734570649e-04
1.429692716130745943e-04
1.268458521339938428e-04
1.336036237439150670e-04
1.289669166687366019e-04
1.080956643696245011e-04
8.834164210706296847e-05
1.187063000103267060e-04
1.081446073238079297e-04
9.883079072820962223e-05
1.108043136144732629e-04
1.426337559512039796e-04
1.150940808648321165e-04
1.081528630461689721e-04
1.229046597163698993e-04
1.428680096466904441e-04
1.109358699935640683e-04
1.310579216977800991e-04
1.079311704830632749e-04
1.077770089426410697e-04
1.081093994965038485e-04
1.388257824428007091e-04
1.426059305571326734e-04
1.127881273101105517e-04
1.333579078790749146e-04
1.087817969960269828e-04
1.266088893293234045e-04
1.261244163465058020e-04
1.428399728340495835e-04
1.428716594534025649e-04
9.992666696418879850e-05
1.148878078854271353e-04
1.100513691335856982e-04
1.084099123231766659e-04
1.426614055946347909e-04
1.082587764189897757e-04
1.177905667312284158e-04
7.921216257289892266e-05
1.091658331212647955e-04
1.233736277990417558e-04
1.153509350341732557e-04
1.081800091103307600e-04
1.081290726521845556e-04
1.079162635346304802e-04
1.294388103242790885e-04
1.197673285265343394e-04
1.360852636363450773e-04
8.147047286452446433e-05
1.205279647967506085e-04
7.546933554562724545e-05
1.171334604645447131e-04
1.084746633489850948e-04
7.952547283636063661e-05
1.394925093514131644e-04
1.080759677544545735e-04
1.428773484593438392e-04
1.289476809705338380e-04
1.116991770439208130e-04
1.433632186878715524e-04
1.078334404567201239e-04
1.158195942770767235e-04
1.362511100737676670e-04
1.080629440955952495e-04
1.330322254568097118e-04
1.162235997086547538e-04
1.287567386111943403e-04
1.429710227166988126e-04
1.280284187338317353e-04
1.262824226372239052e-04
1.081593886464427115e-04
1.083340874825151928e-04
1.112632179456342319e-04
1.081983927530540883e-04
1.107922534410373411e-04
7.834558178387856934e-05
1.186002605693288865e-04
1.179364956819293440e-04
1.190819645989480330e-04
1.095883214045694442e-04
1.082123561925781317e-04
1.428351871387198956e-04
1.211208544726071780e-04
1.095440148396341671e-04
1.008592755982606751e-04
9.533894100539113607e-05
8.408557371861077835e-05
8.025595187072440931e-05
6.667501312070587790e-05
1.364617844869908236e-04
1.165936682146670434e-04
1.288799333628453563e-04
1.080996745894021029e-04
1.236222124555716798e-04
8.560334659606463371e-05
1.135601376684344224e-04
1.145775377398513021e-04
1.353606730234516717e-04
1.373003491443746565e-04
1.120043025850834070e-04
1.099250262739217339e-04
1.081109332487895471e-04
1.081594515221062766e-04
1.189546458683117677e-04
9.009167418259670062e-05
1.012697853089624127e-04
1.202885989599692122e-04
1.129513771312120793e-04
1.118916913448495627e-04
1.165521208445465732e-04
1.081913036534421342e-04
1.216762690298175395e-04
1.081598707249515240e-04
1.282067043293695521e-04
1.082503968169240213e-04
1.291969819537488236e-04
1.079626011704491224e-04
1.122027731997095340e-04
9.722169374139487960e-05
1.082460567592611028e-04
7.900947415738233189e-05
1.080962148770831031e-04
1.282799401965178585e-04
8.677006362147576108e-05
8.838237794053492862e-05
1.168282357626694514e-04
1.081534671180228843e-04
1.292552736358144958e-04
1.086136234233789181e-04
1.085126736778941573e-04
1.236850342567978709e-04
1.149831672290910689e-04
1.429720077415670167e-04
1.143205769798885256e-04
1.426331826853245515e-04
1.300273266317027848e-04
1.361882223547026074e-04
1.355045391012184687e-04
1.081144774380611882e-04
1.359449195516784661e-04
1.082163469542744827e-04
1.298460428038521815e-04
1.110445743161444761e-04
1.217748072816802823e-04
1.428485708793211903e-04
1.429839453532235282e-04
1.275543007499136804e-04
1.293513492741896101e-04
1.310706046641609490e-04
1.284149644052207291e-04
1.277977362052135416e-04
1.082512666959735371e-04
1.407340249039004459e-04
1.429517753286204187e-04
1.081332108225507176e-04
1.092018126285065460e-04
1.208821878385627369e-04
1.369618662802506636e-04
1.080812231316908152e-04
1.145022388531859642e-04
1.321445449967746525e-04
1.230017163743890325e-04
1.200569235041950357e-04
1.093028209963989213e-04
1.396538858144864045e-04
1.362018254564257799e-04
9.015670445670035261e-05
1.251754169023419334e-04
1.152646815483050969e-04
9.838445428221755497e-05
8.077390188426999149e-05
1.082030056386008946e-04
8.335647356032222866e-05
1.082239131838596630e-04
1.234603220333847003e-04
1.100441452566488913e-04
1.095334715841474204e-04
1.424329591057154829e-04
1.429742476310921220e-04
1.287495359568530595e-04
1.082228423759564324e-04
1.095907377614618525e-04
1.082835672866202192e-04
1.400648183594333256e-04
1.285496366381583884e-04
1.286218570810516255e-04
1.082280086700814793e-04
1.246462158635327632e-04
1.116540344801923273e-04
1.166603694687013315e-04
1.082389108399151587e-04
1.080737536664467901e-04
1.392433012920557252e-04
1.157696999014331109e-04
7.071343334688323776e-05
1.424115472856454616e-04
1.123666505001800629e-04
8.355146298055366177e-05
1.080184082385189393e-04
1.248735906832129086e-04
1.081283524018560743e-04
1.220886845371920272e-04
1.261739032995761020e-04
1.186121996262820121e-04
1.084686866719223453e-04
1.306149281200913405e-04
1.273359612410045313e-04
1.081644743766009515e-04
1.359120422250724739e-04
1.203382200535078986e-04
1.407050555733938978e-04
1.229821251032320502e-04
1.090464270945360061e-04
1.082192287556070422e-04
1.081227803228275593e-04
1.068722879280258119e-04
1.107335367557289870e-04
9.288566956945072228e-05
6.745380400230024888e-05
1.328886628028965030e-04
1.186966847797067649e-04
1.005301915376499320e-04
1.081437289066663733e-04
1.158258118907596967e-04
1.199881518232359261e-04
7.419518866485033410e-05
1.039626430213836354e-04
1.081342381199747253e-04
9.684829119978369250e-05
7.783815491824976009e-05
1.096350722265158141e-04
1.346597639861066634e-04
1.098428385746416750e-04
1.323343182273863474e-04
1.078746899641677129e-04
1.219744173986918442e-04
1.082331956867905889e-04
1.090447436745813157e-04
1.189695844272119934e-04
9.177028328866553995e-05
1.090286514584950459e-04
1.225424314039057151e-04
1.204502930270926218e-04
1.168336882781456838e-04
1.081967511866980690e-04
1.126497947796923206e-04
1.081041208766254344e-04
8.108135037964046767e-05
1.079796396999831067e-04
9.445750398463629866e-05
1.407507192006109370e-04
1.329303526115719019e-04
1.124033795979019950e-04
1.304984044883929174e-04
1.083108129957165497e-04
1.223761283534309063e-04
1.215942854142011589e-04
1.436426028531225972e-04
1.321797321862335005e-04
1.429023438195946294e-04
1.080365272619692948e-04
1.357242870851762325e-04
7.538435568221760132e-05
1.096904292115528977e-04
1.296228328800241717e-04
1.256141683856843230e-04
1.084879053244682716e-04
1.175252173776767013e-04
1.114575233068999430e-04
1.081385090944624960e-04
1.210925717221774523e-04
1.405857474068213933e-04
1.323877383322691077e-04
1.163731089693304042e-04
1.094154968318098326e-04
1.284191151474563535e-04
1.157322923980339088e-04
1.227298085171711791e-04
8.643839821489660588e-05
1.031878395754879215e-04
8.247077613321851378e-05
7.236328436495879739e-05
1.223020136838690291e-04
1.084423310302369027e-04
8.443661683799057345e-05
1.173861872085051446e-04
6.233769768457976946e-05
1.092425055132229515e-04
1.191194824385817416e-04
1.092237641073636666e-04
1.082273004158195866e-04
1.066509388536472950e-04
1.261286260506303729e-04
1.004281470479192865e-04
1.132233699165766284e-04
1.096570276175683315e-04
7.801335856230334309e-05
1.188515906407505327e-04
1.129668012162006604e-04
8.214422542062448671e-05
1.429515683501531487e-04
1.421860792300290151e-04
1.081085064158658821e-04
1.081548986121560080e-04
1.320962719914944622e-04
1.081613361409211247e-04
1.220291184317283254e-04
9.690858578576601887e-05
1.174406874737440973e-04
1.114550540293109961e-04
1.264942699397881047e-04
1.032109538291101059e-04
1.257298808502163232e-04
1.100436063684060784e-04
1.094839254331299305e-04
1.126551707081352883e-04
1.193831957716948405e-04
1.080253384813019299e-04
1.407204648152761883e-04
1.275648340721444000e-04
1.233542382829419873e-04
1.405362147765108370e-04
1.070475821473304025e-04
1.107095452897299413e-04
1.209288059650739819e-04
1.408572066477507606e-04
1.350772578624163370e-04
6.912492749485725442e-05
1.351225380256404767e-04
6.678387929123682761e-05
1.081248675965887390e-04
9.580375313939152693e-05
1.137880888998560661e-04
1.138179830001541197e-04
1.268844043917423284e-04
1.031603252536052531e-04
1.413343023662711124e-04
8.955031503203531105e-05
1.127616795447171821e-04
1.339737330762654486e-04
1.425432670885130838e-04
1.244323013528020100e-04
1.029535734523453442e-04
1.172208287067002462e-04
1.297172732019246570e-04
1.017371273898485260e-04
1.425832740214560252e-04
1.082067497327549645e-04
1.080830432211198137e-04
1.103551990716505719e-04
1.131489398302519474e-04
1.375480485116307256e-04
9.813992027863651605e-05
1.077887108625352367e-04
1.122933225861675666e-04
1.239040126077068553e-04
1.269548294565673457e-04
1.092722595933115888e-04
1.428555924407930383e-04
9.369968649587532205e-05
1.269575628481545290e-04
1.236160890124857268e-04
6.935897456662172111e-05
1.069154226364069121e-04
1.081117792957095829e-04
1.088790806904768685e-04
1.230277230795898287e-04
1.091547485903752405e-04
1.043953392428210558e-04
1.081841563398534909e-04
1.389981564426481559e-04
1.159289800988269858e-04
1.396676112474575730e-04
1.166305694384718800e-04
1.422108618332574648e-04
1.428011852392839986e-04
1.080578983471508720e-04
1.256923690201952625e-04
1.286213910339662348e-04
1.081578613395693184e-04
1.081729853964403149e-04
1.141963912082312715e-04
6.329303795119491289e-05
1.063694951184331885e-04
1.300650713313157006e-04
1.080319561479141361e-04
1.080819528653962302e-04
1.133059499554492507e-04
1.155814430683642683e-04
1.181123026557146958e-04
1.339994740397988855e-04
1.309569861420969072e-04
9.671655828503410168e-05
1.080754471350548910e-04
1.088628499890848970e-04
1.082279546943606003e-04
7.232269955287153897e-05
1.429255394387812870e-04
1.343212039159880349e-04
1.387209261451972898e-04
1.098723568903348520e-04
1.145626747190122476e-04
1.081140257855183352e-04
1.092805074281218435e-04
1.081830566423353033e-04
1.344966750108276502e-04
1.082037805591401307e-04
8.983587135702465721e-05
1.165073902103375673e-04
1.106356824007232093e-04
1.137220910668136425e-04
1.081765605411639164e-04
1.170503763382335112e-04
1.159120488083503439e-04
1.313905322835698419e-04
1.091551643515617189e-04
1.157072107389465115e-04
1.157730292452132433e-04
1.187895693735500886e-04
1.375850286893654905e-04
4.816675297600224112e-05
1.049337100177446510e-04
5.464690247139158795e-05
1.319854054115778886e-04
1.320399573143259564e-04
8.509078428123416761e-05
1.081470153510340220e-04
6.902453929550729430e-05
1.246203633955802385e-04
7.940477924421960731e-05
1.246003876708022182e-04
1.347677989807196579e-04
1.142054954020412839e-04
9.684550319430275248e-05
1.204867812903018888e-04
1.362097751517147442e-04
1.080040208284080406e-04
1.158898853995960079e-04
1.081716062277269180e-04
1.080332835975376390e-04
8.095037893301407911e-05
8.731750950032699681e-05
7.534040055698260931e-05
1.093050934318074547e-04
1.365687921087834291e-04
1.129631678403947764e-04
1.428522515735890621e-04
1.081785363673496033e-04
1.116123171856189307e-04
8.569064607505183029e-05
1.292110166580776748e-04
1.122087974255026038e-04
1.088085702852587602e-04
1.082187081035753545e-04
1.081278403018641867e-04
7.280655973494894965e-05
1.269255763730561706e-04
1.207340599604676346e-04
1.233176531615733692e-04
1.029610220834237456e-04
1.137544313131135974e-04
1.213350725564055075e-04
1.304239257051534090e-04
1.272053565457485183e-04
1.422696421021404901e-04
1.073379601145327375e-04
1.429668549698599235e-04
1.172113728097622684e-04
1.220798624664799694e-04
7.638778299257907068e-05
1.085893863201245447e-04
1.245419068956826682e-04
1.080247733356102786e-04
1.354328574885401890e-04
1.317968189135224663e-04
1.248286688577435828e-04
1.400366565841673920e-04
1.081583468644736301e-04
1.179070450116151707e-04
1.131134606050973569e-04
1.406847579522296765e-04
1.257928743501469221e-04
1.214088142576117085e-04
1.165409959564082118e-04
1.081624228723504434e-04
1.130810023276486638e-04
1.156330287046702145e-04
1.081410098501475194e-04
6.848831975503349859e-05
1.247575326889855307e-04
1.210919863828613727e-04
1.082810582391647409e-04
1.380211722659938946e-04
1.247940566005186901e-04
1.298127609111866354e-04
1.411760869726943915e-04
8.711276898423055625e-05
1.428564187322565668e-04
1.361506783592016589e-04
1.307387117858778587e-04
1.126595352068896508e-04
9.806991902728939543e-05
1.106141507220939396e-04
1.111896193353660822e-04
1.097756594937756962e-04
1.105830256254538749e-04
1.219008008164295217e-04
1.085108021817512850e-04
1.214650937855470944e-04
1.428136979531778540e-04
1.409808028851270302e-04
1.142920869208525374e-04
1.243554839902573069e-04
1.290995790533863003e-04
1.377571482360956964e-04
1.328463741645935904e-04
1.081887913980178803e-04
1.082099517959621477e-04
1.148863759260201146e-04
8.772172774090181071e-05
1.082000956766176575e-04
1.239086336155466881e-04
1.198436372537724399e-04
1.103593640484252538e-04
1.365402480728419626e-04
1.079144868775209224e-04
1.096793512964736863e-04
1.093177208217723309e-04
6.577843536795752535e-05
1.082626254047783541e-04
1.173447905729205708e-04
1.258081292310938020e-04
1.203496507034488829e-04
1.090537672325808400e-04
1.165490361879999691e-04
1.254243672406120630e-04
1.126539779800461423e-04
1.081517326755731542e-04
1.171382006477701703e-04
1.179737337561499462e-04
1.079911525544553725e-04
1.132946204852151997e-04
9.078763919042655024e-05
1.091247589383951958e-04
1.173839408050137253e-04
1.428717836449568221e-04
1.429821940348574029e-04
1.082402176061655972e-04
1.156496935760953636e-04
1.280181664924385761e-04
1.302584692447689759e-04
1.312078296878012025e-04
1.031285377082356229e-04
1.080837123865833598e-04
8.144197473674901974e-05
1.130803876481811955e-04
1.086600425450282031e-04
1.097403442797796418e-04
1.369782246027494599e-04
9.937429206169560276e-05
1.087709340486787518e-04
1.081679872925180133e-04
1.363340536205149287e-04
8.849398635127856143e-05
1.084749431491352528e-04
1.284071038219914557e-04
1.375951980538433312e-04
1.121195676124336194e-04
1.255812665483801993e-04
1.421133773333778405e-04
1.100499994198276068e-04
1.302624037651657456e-04
1.187714389345725859e-04
1.314103995984741463e-04
1.429718179645498091e-04
1.101426359942555004e-04
1.346950207208565326e-04
1.364067397833810874e-04
1.110836949549225410e-04
1.098845324076204932e-04
1.081216519238563330e-04
1.243805264160692623e-04
7.729776909860251483e-05
1.252430942563012572e-04
1.269897323462980930e-04
1.382364489641243913e-04
1.287466792182049853e-04
1.428563330389604662e-04
1.080454397918767306e-04
1.081226289395924561e-04
1.296031223887438054e-04
1.281283074495338803e-04
1.282587243209760454e-04
1.082054080488550251e-04
1.082416161803274337e-04
1.238566424456586713e-04
1.121515145270120787e-04
1.288290270180267685e-04
1.081813987145486004e-04
7.355853530186689561e-05
4.724516008833584311e-05
1.219701003589291336e-04
1.099131020341532648e-04
1.285841282432530132e-04
1.080321828205206699e-04
1.230076660476697725e-04
1.250596869984596223e-04
9.919607668962280905e-05
1.060601446927952456e-04
1.125877621398608088e-04
1.415518913111248826e-04
1.095705802219561301e-04
1.429265233509920802e-04
1.410561188198175911e-04
1.082401330997393265e-04
1.211853219975221239e-04
1.088987100430400569e-04
1.093941266663865707e-04
1.244743193016918995e-04
1.083703637218773449e-04
1.080988921747424574e-04
1.363461079296045969e-04
1.179783594772565702e-04
1.081633738080100594e-04
1.178894702762691891e-04
1.213410376524111665e-04
1.164810397161394331e-04
9.499008836452612877e-05
1.124685441858992046e-04
1.082159119136946556e-04
1.316438636388707047e-04
1.221081143167220267e-04
1.105372301782171735e-04
1.082009056774412199e-04
1.317765725001207220e-04
1.316688121311962098e-04
1.430196454137445375e-04
6.185132501088828015e-05
1.264428576348564093e-04
1.287699042407024837e-04
1.082818881862386025e-04
1.000299493196303796e-04
1.222533429067646795e-04
1.081576262751896955e-04
1.162052773961646352e-04
1.387689048686767835e-04
1.081195699641655176e-04
1.095131465326125886e-04
1.037302478373982933e-04
1.211210323701391700e-04
1.234256102807027413e-04
1.256451743422025067e-04
1.416649359184787079e-04
6.450699340297844379e-05
1.419708704514944099e-04
1.097599973636807563e-04
1.386402158347949294e-04
1.429322952883234083e-04
1.079411926220339530e-04
1.086750559209207384e-04
1.231845637687667828e-04
1.082538224871407135e-04
1.312468774293683760e-04
1.083370590785543753e-04
1.261313593153722988e-04
1.099906717251365149e-04
1.080944876445368507e-04
1.080897200796259735e-04
1.081463040524912781e-04
1.074782738644190338e-04
1.173047466559645009e-04
1.081506295892924971e-04
1.330908157860399453e-04
8.046866296943479204e-05
9.482242050698568546e-05
1.106590373772767282e-04
1.101657239909550369e-04
1.083768256943654811e-04
1.105835184678957131e-04
8.696242418174636706e-05
1.206421757005301490e-04
6.168422425303205208e-05
1.427767518470195412e-04
1.087208204763907696e-04
1.412071262641936722e-04
1.222331757667741213e-04
1.104752948385288918e-04
1.128267656685326929e-04
1.082660652274273241e-04
1.319177556769408129e-04
1.223035585858858092e-04
1.408618262495055467e-04
1.081967751198825776e-04
1.189414819177898251e-04
1.100809609153187538e-04
1.281187826396876857e-04
1.402482855418179359e-04
1.240392303535136308e-04
1.429038398573241728e-04
1.068207085044949381e-04
1.083298618932868019e-04
1.079489080540144044e-04
9.970441445919625795e-05
1.422715911261275871e-04
1.122976402801559607e-04
1.288376181798496761e-04
1.348335253573571739e-04
1.081755264417403256e-04
1.082202348441199170e-04
1.115142887552746586e-04
1.082207288681679596e-04
1.338990800879478430e-04
1.101397526339395298e-04
1.428507372085934901e-04
8.355173241520098435e-05
1.339146114568629583e-04
1.413260362426171381e-04
1.088707698099992808e-04
7.278440870516500742e-05
1.275771188791926787e-04
1.122066477726683123e-04
1.288479507658629795e-04
1.144952212783848644e-04
1.354355862068614476e-04
1.407665697584811585e-04
6.271938417880937766e-05
1.297814196274454316e-04
1.419200091485063034e-04
1.080996538623444053e-04
1.127133802111967989e-04
1.342692585501852065e-04
1.250474168096439662e-04
1.081378685554497149e-04
6.508822520416916691e-05
1.279469843606445209e-04
1.100163297249107846e-04
1.429482889108158177e-04
1.227145761304285253e-04
9.687580717565184895e-05
6.545248132178376301e-05
1.075018393811012188e-04
1.082085671739649167e-04
1.415521124274188313e-04
1.107107595767385996e-04
1.081489861007868639e-04
1.225017814139964007e-04
1.443360605145892791e-04
1.082262356501612939e-04
1.428435538615404807e-04
4.832211962164173008e-05
9.027797221066255094e-05
1.398189076612747490e-04
9.233150059997196474e-05
1.296479667182119243e-04
1.362048177118897491e-04
1.080666907087548314e-04
1.251220117134617426e-04
1.081734095704531100e-04
1.193148135340774824e-04
1.200749290859449406e-04
1.247229871205388627e-04
8.313586743548105227e-05
1.415359091142913135e-04
1.082273797992329900e-04
1.288551844256576463e-04
1.159581144005139948e-04
1.056373849676915325e-04
1.081379443635174375e-04
1.381822807336638675e-04
1.159525421347705379e-04
1.085280029947716958e-04
1.239115727367563638e-04
1.116045367742420498e-04
1.259903914845810586e-04
1.089954698601204927e-04
9.392618565321439494e-05
1.106306549682282021e-04
1.218626583760465718e-04
1.080368646002912439e-04
1.362758467922520601e-04
1.253276455049375350e-04
1.081145943039195145e-04
9.366899373869975217e-05
7.206131296773809689e-05
1.099061864469720118e-04
1.105196081299357621e-04
1.357202281155880594e-04
1.432952387932360421e-04
1.357849913706267442e-04
1.184963072668033488e-04
9.616731162983177842e-05
1.082498623435202269e-04
1.104911181078737514e-04
5.911485569893358918e-05
1.309479695911014365e-04
1.384042712402334106e-04
1.100781027282159066e-04
8.901237439810454055e-05
1.390921188178457829e-04
1.084093054007299043e-04
1.296032221784184843e-04
6.939872670157176367e-05
1.231041550100700390e-04
1.227455455603131032e-04
1.342941917849211676e-04
1.362826515588459872e-04
1.424472154630614280e-04
1.295607341418230436e-04
1.081775579757927988e-04
1.081624211870483448e-04
1.080710773061775210e-04
1.362128039080223480e-04
1.087976015307284892e-04
1.081113923504515889e-04
1.429461468285511856e-04
1.111372684097964675e-04
1.098453241380019645e-04
1.291690024324317748e-04
1.082469612343729481e-04
1.121070566459484596e-04
1.080976802393673761e-04
1.081918583483660251e-04
1.082153297581364394e-04
8.505884822638004226e-05
6.282612669302774363e-05
1.307037076403862283e-04
1.406970725494398832e-04
1.424634878479163146e-04
6.499883016675549207e-05
1.428862722645120428e-04
1.379838803819771146e-04
1.225707865044285206e-04
1.090029096508629195e-04
1.267271258619209100e-04
1.083294508353667456e-04
1.085815109928698263e-04
1.214045355039971078e-04
1.159657383732758568e-04
1.145222188285886035e-04
1.079921667836828715e-04
1.080488537405068444e-04
