1.026446239486041164e-04
1.160784385755654407e-04
1.007934099593257052e-04
1.089156281882130463e-04
1.206949048093134043e-04
1.051815309025458649e-04
1.115321686934631312e-04
1.200240702743302068e-04
1.040917497397864929e-04
1.159972355766728007e-04
7.715393057120915876e-05
1.101334587105981625e-04
9.746958675102062534e-05
1.225556732512280095e-04
1.099980095478646008e-04
1.200164651554250532e-04
1.035558969038390337e-04
4.569293571210908259e-05
1.112680450677107320e-04
1.023754615740424777e-04
1.005944643613551333e-04
1.139437894142634263e-04
1.015221424283283084e-04
1.134597668826448427e-04
1.139398639435493856e-04
1.020273174306028576e-04
1.055771667270259391e-04
1.329758497798105583e-04
1.252526559163412196e-04
1.069843885806710760e-04
1.013031094453676879e-04
1.004038632362168229e-04
1.090887984142235932e-04
6.251217598252919528e-05
1.010128655981067022e-04
1.184600630073907824e-04
1.165372770767843805e-04
1.016020739825762711e-04
1.021782361245066219e-04
1.311051569807903858e-04
1.209836638485773768e-04
1.024902209236540210e-04
1.030845126908590639e-04
1.006791153454538400e-04
1.022074230800425226e-04
1.126633623311201467e-04
1.005854281167466570e-04
1.250727729748115703e-04
1.017717807801293915e-04
1.123626980704218401e-04
1.018969651277581095e-04
9.611173358126513886e-05
1.012242732814330379e-04
1.012885848286647133e-04
1.028626389909361648e-04
1.280502161804449870e-04
1.210524029244409424e-04
1.297974685593738815e-04
1.221716617552435049e-04
1.101685334106151227e-04
1.210803687668890406e-04
6.206429082180037855e-05
1.178440706064678756e-04
1.071439458068350868e-04
1.308159327082748726e-04
1.100771691403258737e-04
1.029366684611609411e-04
1.101534774217644084e-04
1.072390810316358497e-04
1.023066225824491424e-04
1.027279318014013047e-04
1.123922998160696124e-04
1.318106196903399768e-04
1.022587848282796043e-04
1.300668872486745390e-04
1.003099453903381623e-04
9.467854503479139179e-05
1.306752176109557764e-04
1.129198184428417727e-04
1.012631599463827267e-04
1.014407996088359222e-04
9.305970425675403343e-05
1.132693223182298616e-04
7.761995095155211234e-05
1.049697110981167008e-04
1.263999404546597527e-04
1.006640402486616597e-04
5.572473344273021212e-05
5.647579631487232253e-05
1.194931424345634818e-04
1.047430760955329882e-04
9.944678164738773494e-05
8.470889759303611469e-05
1.020851451177352885e-04
1.113621805641454993e-04
1.014189566240652243e-04
1.345797349911859555e-04
1.056641724401455876e-04
1.067755993904871204e-04
1.279288733543531371e-04
1.194356788790036422e-04
1.095048393722210890e-04
1.055040201718097231e-04
1.021735510509759942e-04
1.033432411677243166e-04
1.282600396582146143e-04
1.142747049687773211e-04
1.020068127883388970e-04
1.018417094855892865e-04
1.013505223786670666e-04
1.009501946487876352e-04
9.409012542539168665e-05
1.198145734383194408e-04
1.024611934044346729e-04
1.013121946111065081e-04
8.893658747937218702e-05
1.170272744443705254e-04
1.005609736216263951e-04
1.181732718936036281e-04
1.014707690019264709e-04
1.019254006227701442e-04
9.917358602672693576e-05
1.008472429025648480e-04
1.076297814698271314e-04
1.003215790294436727e-04
1.141127762499156317e-04
1.004718635276393487e-04
1.251785834576231579e-04
1.023520859588543044e-04
1.065985842345711744e-04
1.016135902587063508e-04
1.056309825700013855e-04
1.021924839895510192e-04
1.099861248933529706e-04
1.024073814051007367e-04
1.041700622821465901e-04
1.057269091072992847e-04
1.027075430549735256e-04
1.216948374791798946e-04
1.080294017171733525e-04
9.927250657373981840e-05
1.050456323257423664e-04
1.092709274856858847e-04
1.182623800143869425e-04
1.016851104591023680e-04
1.009740806231384814e-04
1.146091861775322667e-04
1.054189848025124054e-04
1.149742857175321673e-04
1.051147448489200473e-04
1.017592892417248224e-04
1.112092315883234951e-04
1.096976862634671047e-04
1.022475417187251472e-04
1.283030407850877040e-04
8.422993234828647559e-05
9.638426158386645610e-05
1.019789110446086281e-04
1.040623228266004203e-04
1.060355791114235666e-04
1.107055207683059245e-04
1.057531477044377263e-04
1.056640319011084334e-04
1.255309677419432749e-04
1.224800902869454611e-04
8.837837235007477751e-05
1.294729473210474763e-04
1.082213258388053115e-04
1.083789917291571139e-04
1.012756570920223496e-04
1.005436481938836888e-04
1.088673649299999417e-04
1.308121974230086937e-04
1.029379109461894733e-04
1.014621083317866009e-04
5.576163003695462476e-05
1.056900524732085441e-04
9.854914714337695866e-05
1.017448326247512031e-04
1.315366305797630703e-04
1.314988123142399280e-04
1.238810972802607531e-04
1.034011552376424783e-04
1.019406606293619684e-04
1.227287997928082157e-04
1.136352247183620339e-04
1.003353569023109488e-04
1.313060226880015760e-04
1.010994875156469405e-04
8.760149681695258517e-05
1.305507403915102287e-04
1.146240031702021436e-04
8.144858036387259788e-05
1.123440753211207263e-04
9.976331530849716681e-05
1.147036409084498495e-04
1.034585237907439031e-04
1.105347278651279609e-04
1.013395191446558391e-04
1.168388371808162297e-04
1.166598997115300863e-04
9.507059694210849229e-05
1.020923474533851256e-04
1.141660748610700518e-04
1.075786766396322154e-04
1.003121318437597573e-04
1.310216751233141510e-04
1.117410571543621075e-04
1.016977439818405427e-04
1.132649002173549701e-04
1.279588489069282157e-04
1.034983913194133465e-04
1.018525129889322846e-04
1.110660560362508858e-04
1.104716016871310473e-04
1.096115757756403459e-04
1.091525881462385676e-04
1.024672872063092384e-04
1.080939834881493419e-04
1.022539001151352847e-04
1.193165495526163795e-04
1.108447123643659121e-04
1.018151467212225332e-04
1.017549929869160700e-04
1.018505120000597357e-04
1.014770823341375319e-04
1.022311674066460991e-04
1.305964049846708203e-04
1.188796848418228569e-04
1.321669455223245743e-04
1.127494515385868765e-04
1.013550440086839933e-04
1.030001216701361343e-04
1.007270974795389804e-04
1.038790686946652848e-04
1.022101692171872584e-04
9.973832330832396004e-05
1.014823513801106652e-04
1.034777029413245050e-04
1.305355676540406176e-04
1.298026404762604486e-04
1.025963955488282071e-04
1.116826634111221854e-04
1.105542278057531150e-04
1.064863467221842174e-04
1.296591626769399118e-04
1.090492407511362363e-04
1.269409701615553134e-04
1.027482276022602804e-04
1.066808586969088957e-04
9.336173085709252703e-05
1.095651054680713005e-04
1.339796558573460520e-04
1.246044679587781474e-04
1.057828770980348923e-04
1.120536154741315051e-04
1.191570481898486072e-04
8.494966863071132040e-05
1.081911534562872364e-04
1.218279086961720576e-04
1.392139917305292517e-04
1.039568463949292062e-04
1.295609901287915098e-04
1.193794336479134732e-04
1.090622744586485236e-04
1.304536156527402605e-04
1.058525299226457109e-04
1.017316477653247835e-04
1.035416522759753151e-04
1.095860908624975974e-04
1.248772326221114781e-04
1.028487456867171286e-04
1.185741909753065392e-04
1.145311268228650675e-04
1.165544841628448079e-04
1.241104013624190516e-04
1.252934562338033487e-04
1.066530763727803434e-04
1.305604554654903526e-04
1.306659996103049816e-04
9.764202014842479659e-05
7.718005532755911982e-05
1.040307083754939019e-04
1.215787860928686353e-04
1.021766056260381487e-04
1.315472480388070020e-04
1.100770411194724476e-04
1.018302654203382610e-04
1.006868315742949428e-04
1.023344806551702060e-04
1.066667608953324843e-04
1.017015399716675252e-04
1.167352519349538012e-04
1.055885792449690942e-04
1.343431782469517693e-04
1.003570167673237371e-04
1.048784299781700203e-04
1.228752965518938728e-04
1.050641440930053725e-04
1.050027276547821679e-04
1.102859199780443795e-04
1.046579731267785512e-04
1.098950011158581288e-04
1.264574507691953119e-04
9.936507160967226115e-05
1.043198632039044077e-04
1.189071642827676519e-04
1.020385853099401515e-04
1.042925610498192845e-04
1.021476731876998624e-04
1.106947120101047730e-04
9.181222427682953781e-05
6.138226757667756054e-05
1.041085309044252806e-04
1.018744432075609777e-04
1.123181303026084699e-04
1.024120014739714657e-04
1.216557607706280128e-04
1.043467719737669274e-04
1.333458907216329714e-04
1.214997511927625313e-04
1.324126846563864271e-04
1.038862433528333013e-04
1.087525279691210235e-04
1.024317473829124440e-04
1.105953869516388294e-04
1.299382789620535592e-04
1.010554594955691580e-04
1.021727782257484209e-04
1.004068549790375196e-04
9.199133165504187032e-05
1.020209496571337492e-04
7.532463948644312773e-05
1.092070969157533223e-04
1.022262442465607683e-04
1.265629922743439215e-04
1.029581231069574750e-04
8.526549580286259657e-05
1.021587562785565507e-04
1.024376112373677223e-04
1.188370596183730511e-04
1.008926637671982515e-04
1.360728118800440907e-04
1.023128997175078316e-04
1.101159374049078460e-04
1.012176460148620373e-04
8.396309872043488493e-05
1.219120042216451902e-04
1.015431780510206504e-04
1.052411247260184309e-04
1.012736331147237373e-04
1.079912437670894844e-04
1.084182210901842101e-04
1.068119734257935483e-04
1.138379531190131586e-04
1.027335913182400264e-04
9.999608527811721900e-05
1.024776659295727579e-04
1.129843251440568077e-04
1.243928980419658212e-04
1.093635939081719668e-04
1.338703437728260600e-04
1.019453663410011820e-04
1.012959744078519031e-04
1.008618624527773353e-04
1.050193130738450928e-04
7.592810566671288311e-05
1.009713936060438282e-04
1.022945090156739779e-04
1.069704691190055240e-04
7.454726058353089836e-05
1.015236230201749164e-04
1.003829282240078450e-04
1.216525325107626650e-04
1.246117729781164680e-04
1.066350007508593201e-04
1.143257383617952896e-04
1.311212074334113973e-04
1.020955425166937368e-04
9.551145036139311738e-05
1.093118519219372621e-04
1.354135594585020668e-04
1.106979553124230135e-04
1.065942052717984634e-04
1.022499426257867148e-04
1.028963580238353764e-04
1.048284109712254006e-04
1.022929868647089456e-04
1.048204683208359714e-04
1.133956945325195439e-04
1.109157848009933073e-04
1.167616502513099935e-04
1.059718090977589035e-04
1.091833993419405392e-04
1.019449760498764322e-04
1.278450961320249410e-04
1.017380263716758195e-04
1.345872495156290284e-04
1.186950677379962707e-04
1.210603058157534408e-04
1.026109227898023977e-04
1.037886442763584223e-04
1.332624784869500798e-04
1.153575772803007513e-04
1.365553042744609700e-04
1.100508491584116283e-04
1.324714906990228638e-04
1.260580834580891181e-04
1.246416406176717451e-04
6.643632414798716435e-05
1.077473567921447217e-04
1.046309273070382374e-04
1.219766321203982063e-04
1.037073584287087527e-04
1.003935380755070555e-04
1.323374423915564698e-04
1.012746291724784192e-04
1.019571935016841039e-04
1.137101671749481813e-04
1.016163280014468150e-04
1.022172378426418495e-04
9.721055019124628081e-05
1.053414243722694419e-04
1.085942861073013543e-04
1.003012730075590516e-04
1.019527457657434463e-04
1.100670522346915359e-04
1.090270329768826838e-04
1.309893628445023847e-04
1.197804483105094245e-04
1.043977261474536734e-04
8.829820261532280855e-05
1.017287233753763761e-04
1.111947254133627944e-04
1.201256905516260600e-04
1.330413716259323407e-04
1.308560621893134273e-04
1.113090915115180367e-04
1.170099038903218882e-04
9.946356617052546701e-05
1.004972009731637127e-04
1.227520613387813372e-04
1.025686891917186800e-04
1.041159213994231105e-04
1.028400527468841018e-04
1.039108076141741986e-04
1.224856440758148482e-04
1.097612757905925066e-04
1.325110106304488381e-04
1.063958532733345441e-04
1.024848650251475302e-04
1.253593867226576578e-04
1.092936002991067002e-04
1.311692386766574216e-04
1.210919921232570938e-04
1.125708967659076677e-04
1.099524831042124573e-04
1.038058545603874459e-04
1.017114239556033057e-04
1.306596600359088327e-04
1.034954194202092678e-04
1.161607954661240407e-04
1.001706408445625677e-04
1.123525253311293302e-04
1.137003478067158678e-04
1.082071270301582320e-04
1.131732507331065950e-04
1.063289398807134212e-04
1.036493191777394920e-04
1.025279261907767995e-04
1.009056304505302114e-04
1.145340557021276416e-04
1.080671625846593660e-04
1.001814259243221739e-04
1.046179512808589809e-04
1.030280396445047914e-04
1.321213358917500602e-04
1.069382504341991335e-04
1.024253028339850574e-04
1.067665502192640856e-04
1.011315608484100769e-04
1.263210496526207319e-04
9.631461825763281987e-05
1.035807599186630242e-04
1.001645214231487702e-04
1.203660647021032054e-04
1.013500643520299816e-04
1.097816610393078035e-04
9.809532044797626151e-05
8.717160806302497644e-05
1.022950566967513881e-04
1.035854106248208941e-04
9.468949800790423010e-05
1.299944173689638553e-04
1.003248178221837909e-04
1.155932684458480458e-04
9.921750553429656229e-05
6.167681007590766339e-05
1.025760868289867786e-04
1.067399205565094478e-04
1.202523007795739497e-04
1.333650645257741633e-04
1.091679886492350496e-04
9.985136403479871455e-05
1.022479162547488293e-04
1.069029492618432713e-04
1.025470541588588679e-04
1.154137846160415185e-04
1.042560465288980433e-04
1.007708471389731863e-04
1.335735847507951788e-04
7.044204476271801493e-05
1.014339726810720014e-04
1.253033469492104666e-04
1.014225001991117233e-04
1.256942377296952837e-04
1.016159703342341955e-04
1.321098157500039962e-04
1.035953319333035024e-04
1.128325891260019355e-04
1.018199219147306544e-04
1.104885408614738023e-04
1.016200588750321480e-04
1.012207031347198377e-04
1.033739773024809275e-04
1.022907536023108966e-04
1.108954434425024594e-04
1.108595536299652941e-04
1.059730665162905326e-04
1.016007203470844480e-04
1.055233143250480039e-04
1.053044312837098155e-04
1.052999868733722294e-04
1.129076586034182705e-04
1.298560421961131111e-04
1.296139388462022991e-04
1.033314123967408245e-04
7.698158520636547684e-05
1.010685096155664639e-04
1.155645847819432266e-04
1.142129570818422967e-04
1.082332969513676078e-04
1.091162870510389480e-04
1.015343953870091243e-04
1.017007200748255911e-04
1.170465087478046029e-04
1.091266723220853997e-04
1.306746380315095999e-04
1.051118786513690332e-04
1.009087054794860039e-04
1.113133460545734886e-04
1.167865747725551560e-04
1.028355162704716185e-04
1.114701378168303373e-04
1.016427621712628297e-04
1.106018227840490026e-04
1.015895917299127014e-04
9.864182414373900466e-05
1.010142671610217316e-04
1.242546606266404889e-04
1.023418542139871982e-04
1.020515961179761105e-04
1.012351986744350194e-04
1.169591215536320850e-04
1.266308582420042105e-04
1.024383820933394147e-04
1.027725049724979509e-04
1.024909627829028846e-04
1.081239890199699877e-04
8.246745856392111022e-05
1.104810936535866235e-04
1.009162259735404786e-04
1.054560824598040959e-04
7.537543704453740360e-05
7.860474704136363256e-05
1.132639815782314865e-04
9.600288127894934559e-05
1.321210041656632208e-04
1.148304413334245413e-04
1.063973962674127953e-04
1.216411988267468653e-04
1.253874356650529404e-04
9.907864536958018039e-05
1.208518192512470001e-04
9.841734939291869367e-05
1.347212851025382844e-04
1.115958771283364525e-04
1.106149317205368184e-04
1.024343218255630407e-04
1.018297436290696481e-04
1.154776348635337116e-04
1.272707157874544475e-04
1.045751371167271462e-04
1.291613379068907335e-04
1.014365507301220247e-04
1.025418132077452897e-04
1.061186941416070032e-04
1.058060833887841689e-04
1.015274402023336696e-04
1.106094890796308365e-04
1.285394521893841327e-04
9.878375283699774450e-05
1.265307472627447073e-04
7.861284332573487317e-05
7.391774680290490705e-05
1.062598197513076607e-04
1.008970351066368695e-04
1.060263164921103151e-04
1.194517950959072909e-04
1.058012783887975547e-04
1.293710254088864531e-04
1.216351722811630871e-04
1.022461300913670508e-04
1.315503466551498158e-04
1.312748239211062175e-04
1.142701912349955060e-04
1.169598352732833900e-04
1.093181252198017849e-04
1.018166776850227656e-04
1.143047750141942278e-04
1.053146716193016652e-04
9.863347809797481361e-05
1.019232734094017333e-04
1.223891487922158902e-04
1.081612028841575908e-04
1.098128506042795151e-04
1.120189519157208466e-04
1.027822334570507759e-04
1.073719860008386605e-04
1.012538611841288925e-04
1.108187655063375810e-04
1.127691023280927535e-04
9.806596723070381833e-05
1.296702136781075940e-04
1.104066157672099942e-04
1.258300595778832692e-04
1.153072339948096929e-04
1.144465934820111295e-04
1.323300682332516787e-04
1.201331500894033859e-04
1.327582055313103872e-04
1.055447388793596242e-04
1.000110350614871356e-04
1.331871676652721527e-04
1.039802442903692010e-04
9.652149113616422861e-05
1.021060841981966474e-04
1.295625870499052463e-04
1.167352018001108959e-04
1.031087412149679460e-04
1.212713370143267085e-04
7.685853492805316226e-05
8.260569255311453289e-05
1.103273971731223013e-04
1.201458853406769462e-04
1.263773414395233830e-04
9.393724518826332046e-05
1.037802888390616628e-04
1.027258499225018606e-04
1.282845217797624296e-04
1.033619761385664367e-04
1.019080468867417772e-04
1.015863074987541202e-04
1.092537867853699067e-04
7.473701282036788150e-05
1.020263017629211445e-04
7.593175902613841168e-05
1.134711518215293728e-04
1.054068047707802490e-04
1.086152449082185316e-04
1.333997576059197049e-04
1.090320736081038064e-04
1.028294018081193976e-04
1.070824138937066230e-04
1.325239569527842721e-04
1.089525311856115382e-04
1.124438510447376191e-04
1.020966442205739741e-04
1.057196151708484472e-04
9.872929784701548004e-05
1.300759562112758540e-04
1.004454793642420719e-04
1.163448991255855588e-04
1.049795574488144028e-04
1.131244435620609381e-04
1.286733571798544522e-04
1.152876377545908055e-04
1.235188893141875635e-04
1.338605738796844918e-04
1.327323947390580798e-04
8.987065744616138687e-05
1.128959288855134111e-04
1.191510407531278534e-04
1.047981697476423562e-04
1.218159292696021978e-04
1.152418471822035838e-04
1.271204489308503012e-04
1.026837329092173171e-04
1.005864693908094129e-04
1.020107534257191190e-04
1.242023111895259311e-04
1.051181010609525943e-04
7.813326540692147571e-05
1.032600571612100074e-04
1.259509815491180245e-04
1.109753991091496603e-04
1.022772227130460543e-04
1.169728247192468377e-04
1.149634510376791195e-04
1.094760159998243022e-04
1.101391518758462333e-04
1.212063178744276988e-04
1.004783248477439693e-04
1.012426587273561270e-04
1.043107236853300956e-04
1.125870779545762231e-04
1.034482560545189536e-04
1.041654188779999295e-04
1.127057443184226914e-04
1.306372934828545988e-04
1.005692052089556551e-04
1.137919696142723855e-04
1.020388434001148173e-04
1.116342206812615494e-04
1.006979685106064730e-04
6.202304831504076919e-05
1.137650665441467858e-04
1.141083933581048498e-04
1.296390505924318248e-04
9.987995819926699886e-05
1.133729128881625221e-04
1.191326938923069594e-04
1.202981287296667705e-04
1.072542400340511479e-04
1.291806480681302540e-04
1.025630495645499609e-04
1.034193360556787074e-04
1.225147930494200244e-04
1.005217748126208642e-04
1.079850466665118722e-04
1.135301395224422435e-04
1.025365659754340358e-04
9.693273496698859531e-05
1.017321317165085983e-04
1.020046950167674261e-04
1.209501129337736463e-04
1.011604671227224071e-04
9.808172509537961125e-05
1.100000168934629779e-04
1.096255335402964787e-04
1.325790289633410493e-04
1.012635484753615460e-04
1.218694796947333251e-04
1.015806436389203864e-04
1.307292622640873476e-04
1.056150320290307382e-04
1.026637166713978888e-04
1.021510292610452384e-04
1.067612857818183927e-04
7.990539575180928176e-05
1.016184249022727108e-04
1.008508443876339087e-04
1.020038888586645068e-04
1.124731961355069162e-04
1.009507581604940894e-04
1.020033484303858542e-04
1.010108799819577958e-04
1.213612985722006062e-04
1.026822393344390441e-04
1.022049219793495144e-04
1.229873717671091968e-04
1.146387251672557347e-04
1.203136328511104897e-04
1.024922242573178012e-04
1.013036149649444077e-04
1.243626321159696881e-04
9.379744100857356889e-05
1.316339856221775476e-04
1.020613313332109737e-04
1.108938106118746996e-04
1.193102241738112223e-04
1.261179301987225721e-04
1.028147960663839772e-04
1.002579020905613880e-04
1.038915272728345505e-04
1.071001410798122624e-04
9.437600698421254406e-05
1.088034062348698210e-04
1.108449266740551832e-04
1.033539438855803571e-04
1.106568869844253125e-04
1.113180953137980940e-04
1.036946387439794076e-04
6.082117394086066300e-05
9.182679208716206659e-05
1.371220873496501564e-04
1.065907161390627857e-04
1.184667059840614404e-04
1.022026604973521192e-04
1.243268581945314592e-04
9.271502630709878843e-05
1.249645218817838055e-04
1.077391747335915481e-04
1.127588334121036183e-04
1.010777874562842287e-04
1.017601958397805375e-04
1.001022369164444685e-04
1.034091538961684313e-04
1.017117948170683244e-04
1.079619449910752241e-04
1.271239773675208009e-04
1.122510725371772262e-04
8.062075969687774991e-05
1.032122429236365292e-04
9.868012080637011290e-05
1.050526049863474194e-04
1.015004941909529852e-04
7.767126707360331344e-05
1.153830766695678194e-04
1.013644234254334017e-04
1.017210341211062605e-04
1.181473312446661421e-04
1.308127460062123238e-04
1.171097281224286357e-04
1.017450610900311143e-04
1.114086738048760452e-04
1.205524601205778629e-04
1.057537245064512813e-04
1.054247820775345413e-04
1.019043300432174656e-04
1.007937061261702399e-04
1.093026837195423996e-04
1.283065583347957838e-04
1.157011592681817549e-04
1.318489410927532073e-04
1.200322305279058927e-04
1.020179301184078943e-04
1.336196439917594647e-04
1.336519859909946731e-04
1.006508117913855444e-04
1.062642102475043541e-04
1.209545864271519905e-04
1.241220672362168943e-04
1.325697662724468866e-04
1.145352250870457228e-04
1.322701202226467850e-04
1.290888269585995472e-04
1.038509586648057593e-04
1.011684104326005760e-04
1.266770387518236700e-04
1.014834834931150687e-04
1.090508223287373388e-04
1.025116733772948099e-04
1.138304306462285429e-04
1.310102676365398910e-04
1.011116324594627056e-04
1.115976472218731101e-04
1.036012099207170799e-04
1.005835032654229291e-04
1.033070260571431566e-04
1.158442341033217947e-04
9.800121528066373740e-05
8.358719695791117345e-05
1.133654583193156282e-04
1.045609264893856874e-04
1.080798351722478672e-04
1.021298500189813605e-04
1.149450713866272323e-04
1.177156810117428005e-04
1.021047043431515760e-04
1.093003320241440731e-04
1.324610328155088868e-04
9.925005494016690439e-05
1.079647370261228021e-04
1.117606322414605477e-04
1.021038749092473264e-04
1.222748185469940631e-04
1.115661634590500424e-04
1.025347528874827227e-04
1.085937128182636524e-04
1.021985545445726963e-04
1.004572986268479311e-04
1.158150090592744910e-04
1.159273723687791928e-04
1.284997509656107860e-04
1.016801885919414635e-04
1.089790939406358298e-04
1.028722144395842404e-04
1.334908389738817384e-04
1.035124075527890371e-04
1.295164356328633987e-04
1.160051112399878410e-04
1.003855540941626917e-04
1.044227519463025440e-04
1.022175287104161602e-04
1.142440798852710048e-04
1.083928990752796949e-04
1.114194842981176527e-04
9.972090742375408511e-05
1.067038433785893624e-04
1.317954025531599220e-04
1.018093696235087485e-04
6.701611000523735140e-05
1.028413230162388383e-04
1.048433219794887378e-04
1.190615308351644847e-04
1.258412237306132087e-04
1.114427663406169491e-04
1.085935038002756490e-04
1.199045602204603360e-04
1.026471432826130099e-04
1.065943590448258018e-04
1.018439624408110149e-04
1.028176262441551269e-04
8.658804671944782781e-05
1.244950529829331651e-04
1.076039683417314319e-04
1.097421580711685344e-04
1.218507764793617048e-04
1.252575098731171263e-04
1.002276919608548948e-04
1.150926985565724523e-04
1.230721150507095498e-04
1.102689434883652296e-04
1.241753071928575734e-04
1.281801148528065554e-04
1.009080913010823393e-04
5.518022904501178821e-05
1.268624156525504569e-04
1.238477936563033921e-04
1.046568419627436205e-04
1.013327465544635919e-04
7.317109850909550150e-05
1.016504807264734169e-04
1.238687969111422059e-04
1.066724613523278121e-04
1.033291798577806866e-04
1.095562372589246441e-04
1.123298432664417157e-04
1.189783613731970168e-04
1.187186386270392422e-04
1.165883598298899943e-04
1.152590296574322875e-04
1.020259861695755254e-04
1.150099371677194414e-04
1.022477430296932731e-04
1.078489509854167587e-04
1.074564907957696624e-04
1.019158619518143019e-04
1.009140426144010790e-04
1.021253146136460777e-04
1.259619140228096241e-04
6.353473714768735137e-05
1.109894226921690716e-04
1.026483639897697592e-04
1.034122719913825470e-04
1.000369222291889462e-04
1.016844373311784030e-04
1.072903564881420093e-04
9.486022681578545597e-05
1.177474758054376889e-04
1.018975298860723476e-04
1.283533362526315558e-04
1.017389449871143375e-04
1.341234820810340716e-04
1.024022231380032865e-04
1.308564114384369180e-04
1.271143417052444523e-04
1.023933845927002501e-04
1.025937696536724985e-04
1.118181222236842772e-04
1.331342754792995040e-04
1.093284645763662355e-04
1.064758964646358546e-04
1.313876475026946444e-04
1.013770669302444975e-04
9.985165469204191561e-05
1.129843663785624452e-04
1.035359132759838135e-04
1.004403261983153554e-04
1.008808246520284636e-04
1.133952356690210898e-04
9.986744358954001649e-05
1.176851611117197860e-04
1.342919211966605978e-04
1.049050600877772147e-04
1.151447221424725773e-04
1.024147378561540911e-04
1.041866576340705943e-04
1.252896200396261684e-04
1.151705737693527323e-04
9.983958431837012843e-05
1.265300021307885162e-04
1.150410171064737203e-04
1.064842070203695620e-04
1.006528725211125279e-04
1.153751881188496662e-04
1.062264981623296204e-04
1.117191533871341629e-04
1.061557520690336118e-04
1.287985186203747363e-04
1.119006231933612506e-04
1.023674241009358112e-04
1.076032921550524219e-04
1.068494432432646622e-04
1.138075628604073066e-04
1.016277562313317682e-04
1.014820394431651665e-04
1.037976690570176832e-04
1.292710889799765744e-04
1.154151139899197223e-04
1.007975623826530781e-04
1.098720038938878784e-04
1.384040666860326030e-04
1.287833863443666176e-04
1.341086839122200666e-04
1.116634302088978753e-04
1.025137329722584624e-04
1.140278015491254243e-04
1.314367476059042597e-04
1.110116065627119212e-04
1.091793704988379280e-04
1.135437224223830710e-04
1.302659815191599890e-04
1.088485908108846432e-04
1.321320283872645456e-04
1.067895973534405265e-04
1.313177094607033098e-04
1.323133976911692266e-04
1.057355598635258365e-04
1.018940407507051214e-04
1.012115364349912798e-04
1.239239713884092030e-04
1.124176097406945986e-04
1.030139650984657142e-04
1.021582788233124813e-04
1.066924946321202706e-04
1.194089693188759172e-04
1.286991901570934361e-04
1.031589101153764990e-04
8.678413053496997361e-05
1.012191468729666232e-04
1.025086418830293151e-04
1.251040665032382600e-04
8.556768711240228358e-05
1.019651888085532684e-04
1.191786784320714295e-04
1.239484623172661755e-04
1.133487955218860361e-04
1.320099504451062878e-04
1.010755633248866194e-04
7.589094204263340134e-05
1.017724706402818878e-04
1.059881708127047219e-04
9.783986388119571417e-05
1.028949362394002506e-04
1.099574986930128604e-04
1.063834099620971214e-04
1.017508746443767070e-04
1.022966905568768969e-04
1.070270944865115548e-04
1.327025199084157215e-04
1.181736814446467722e-04
7.800497560700255417e-05
1.155223676781877917e-04
1.013581806798537427e-04
9.974086421230500738e-05
1.015876028502673341e-04
1.026131610057358720e-04
1.279098111842393525e-04
1.135864744165253581e-04
9.259905669136126686e-05
1.074979751423285298e-04
1.017954249088912045e-04
1.223914086923344653e-04
1.068174227811967338e-04
1.134896864793217354e-04
1.233521899756078843e-04
8.143230634990058202e-05
9.272742664734310073e-05
1.007674659503109203e-04
1.086057932845370529e-04
1.027048231058023866e-04
9.953167342599857895e-05
1.325306423914886971e-04
1.027286945869234150e-04
1.263874195324184570e-04
1.216951169940604690e-04
1.046562481479685046e-04
1.270994504238843721e-04
1.177589324396630859e-04
1.015899288682298700e-04
1.179137878411197835e-04
1.112121706538742564e-04
1.211624634142819946e-04
1.094647545680042246e-04
1.168333150400471072e-04
1.030000875356629593e-04
1.005733750734752089e-04
1.011959215778310793e-04
1.019144754755635173e-04
8.427199878092814136e-05
1.074484183186962297e-04
1.239432389041893482e-04
1.301758432803609927e-04
1.299189270930076407e-04
1.149119277007078368e-04
1.014281501928355231e-04
1.114076137035360548e-04
1.014767002963616192e-04
1.214951443426182494e-04
1.010420383885778924e-04
9.960894969678005131e-05
1.093270442330172788e-04
1.087434245129592891e-04
1.360110250598407680e-04
1.015134440460012242e-04
1.181362082602560002e-04
1.001172824280793404e-04
1.013909761087776582e-04
1.024537014313022589e-04
1.270509393807345744e-04
1.017641779683828252e-04
1.086169764177055241e-04
6.528993736554652906e-05
1.162303004986352017e-04
1.028457218294704046e-04
1.010040118292939977e-04
1.002088240111501392e-04
1.273186204255375136e-04
1.002673903392996545e-04
1.020492039758539736e-04
1.015515770661664757e-04
1.008271775470314004e-04
1.154425431869405194e-04
1.020007413935608955e-04
1.058446439884354659e-04
1.199464546522851192e-04
1.016947016515351918e-04
1.028713580408462775e-04
1.028011326969525816e-04
1.008550269674472733e-04
1.247034213370761110e-04
1.148358000921288963e-04
1.063659757476300219e-04
1.016098969686212675e-04
1.359398349890476182e-04
1.020712232883834892e-04
1.179024299568079469e-04
1.090397882374341564e-04
1.241894762714757894e-04
1.074705546831413231e-04
8.995039499382058792e-05
1.021204572063959438e-04
1.319153390613579289e-04
1.067655379411344528e-04
1.114678435072321563e-04
1.004280482506359574e-04
1.014438202381134170e-04
1.068022825044771123e-04
8.998250054732867661e-05
1.017283066436411152e-04
1.021644910971353628e-04
9.344945713962707541e-05
1.022676663206277851e-04
1.026164481372246300e-04
1.266400868136887997e-04
1.086476051710334620e-04
7.617682793550185167e-05
9.890033687219741947e-05
1.320814200288059374e-04
1.031939061872604968e-04
1.207196247395149295e-04
1.333927069518012979e-04
1.015410284147655584e-04
1.088026441404164543e-04
1.026236225980195092e-04
1.323531352393348250e-04
1.010167722073321322e-04
9.946721041842466993e-05
1.144275843136482415e-04
1.148132865780470324e-04
9.954260403991054137e-05
1.009170577777627543e-04
9.705991295700427328e-05
7.470915116835365178e-05
1.181209562935867720e-04
1.099156040446039209e-04
1.028753538979234244e-04
8.314171994441114390e-05
1.313765490671413056e-04
1.043034449497571816e-04
1.061542849261816750e-04
1.023967791053547350e-04
1.038171474018806986e-04
1.209842224414857284e-04
1.264547931543593220e-04
1.086803409920009350e-04
1.136507087696049349e-04
1.018900900499340235e-04
1.032107831962195848e-04
1.187082763362606121e-04
1.218759396188844838e-04
1.080725372730740171e-04
1.015823080850158228e-04
1.283705958309578070e-04
1.248577094030537435e-04
9.137993358910566106e-05
1.170242811430927707e-04
1.173529248211588739e-04
1.041008530585763834e-04
7.368330647942138286e-05
1.307206663446540374e-04
1.030596131786128014e-04
9.120418564352636545e-05
1.026210916005835014e-04
1.054018516213176308e-04
1.309609424090487815e-04
1.112132518126746961e-04
1.022298144469592420e-04
8.544540851310696082e-05
1.129185693952932496e-04
1.014951327575817187e-04
1.256036934151965559e-04
1.020657664859661476e-04
1.021767392970219222e-04
1.024991606699801508e-04
1.009215930173047412e-04
1.017025595162808103e-04
1.037235256473179864e-04
6.441543278394118400e-05
1.016139502501834356e-04
1.209815528555837542e-04
1.307239962468681113e-04
1.016898090063655556e-04
1.024501059924254044e-04
1.284561755559924775e-04
8.170142811510289389e-05
1.123740949127397957e-04
1.308263735011308592e-04
1.018334244172870804e-04
1.209094135106170278e-04
1.021182704405987623e-04
8.718575921412365678e-05
1.110754852073081320e-04
8.190104079454192600e-05
1.059199258103640817e-04
1.044282352977545983e-04
1.014247646788099880e-04
1.158511578485862519e-04
1.196918106455982316e-04
1.047364332104431124e-04
1.315870720376543102e-04
1.216662381790666899e-04
1.085624247033829847e-04
1.331234642159088966e-04
1.109166571811529413e-04
1.015016543146043048e-04
1.096462896883722353e-04
1.123261506409770229e-04
1.011590452856546462e-04
1.013953286846247791e-04
1.025348928470328977e-04
1.006810057054542370e-04
1.042755207597186051e-04
1.155800880791569386e-04
1.171520774842400181e-04
1.269006313662060016e-04
9.999485467073168025e-05
1.146630888880416176e-04
1.002147246990884314e-04
9.164588308442070050e-05
1.112248390708399940e-04
1.015902774012841347e-04
1.134405067354558134e-04
1.094246010364099877e-04
5.805901257308160134e-05
1.047458110318925245e-04
1.012834937036453747e-04
1.170083827762230733e-04
1.034033459703734563e-04
1.049564121592117650e-04
1.193264074012115913e-04
1.057000326656836560e-04
1.031792658239355184e-04
9.961814780776081634e-05
1.167575826678383287e-04
1.165767114007056678e-04
1.022258680339193249e-04
1.038674555334015003e-04
1.350594232671180870e-04
1.175628411113359054e-04
1.226444846969975853e-04
1.139064137879164780e-04
9.992637747723572635e-05
1.143173884867319025e-04
1.083655426146766304e-04
1.329574674175115778e-04
1.013271860793873866e-04
1.019320720243083238e-04
1.066771773507835632e-04
1.286522309008569613e-04
1.032963745878399080e-04
1.041924314553928648e-04
1.041039938911582737e-04
1.019190794293248773e-04
1.247506380029454471e-04
1.115698819623496307e-04
1.233019303720506719e-04
1.023314522946613795e-04
1.014116885892656534e-04
1.057027806565554839e-04
1.172967922768832557e-04
1.028193336575592700e-04
1.050239081379274886e-04
1.119392712949035344e-04
9.432928534188804123e-05
5.987886743136416271e-05
1.308636025140896158e-04
1.113759318471878697e-04
1.005977150217379301e-04
1.009776461273759467e-04
1.025526127696811641e-04
1.315023837483517556e-04
1.078821092093034740e-04
1.010578457028173783e-04
1.075225423311057559e-04
1.018084051938533490e-04
1.336661888613147205e-04
1.077134357577352918e-04
1.028181092482114469e-04
1.160589289573485644e-04
1.005166200608679914e-04
1.220921345984983856e-04
1.191911300385005342e-04
1.067979561376567344e-04
1.107055419382689917e-04
1.313395926711405013e-04
1.025876025087875436e-04
9.194379369977422262e-05
1.056049233983247910e-04
1.005224287045740892e-04
1.001335896915037148e-04
1.190710623031907223e-04
1.101924629845258850e-04
1.310116892267600250e-04
1.007035841466942468e-04
5.393759073039441253e-05
1.022009445882252960e-04
1.052805074087465113e-04
1.282956832845364044e-04
1.318362059910886913e-04
5.843154359139490940e-05
9.968111394048012142e-05
1.013807321402072334e-04
9.492413761125607745e-05
1.303208255177370806e-04
1.121471421354441975e-04
9.768269346413598596e-05
6.678218874480148430e-05
1.215074020853570893e-04
1.101044697556910126e-04
9.985242246241593977e-05
1.187716231504088967e-04
1.011248324866081077e-04
1.009904943253383332e-04
1.017074408469785041e-04
1.106960062484345212e-04
1.013087113148212939e-04
1.340452968921428773e-04
1.023153894539907297e-04
1.104937054034533015e-04
1.067783414538536762e-04
1.093553044387152439e-04
1.011608932020425621e-04
1.190391524314418685e-04
1.084563885645666915e-04
1.014053500567355879e-04
1.123711346232772733e-04
1.201670405635012917e-04
1.107667666446929901e-04
1.022215149562188030e-04
1.044549940077019813e-04
1.191753735838574899e-04
1.253996579103920964e-04
1.292816149990122987e-04
1.021873613038021733e-04
1.012151107812754011e-04
1.304453488960126417e-04
1.097739305485584638e-04
1.330251501092260418e-04
1.033916587101604460e-04
1.055069190682742875e-04
1.175860390800505381e-04
1.088939234919009678e-04
1.241113589195472319e-04
1.203957186980367000e-04
1.044346149557088426e-04
1.016678967381515495e-04
1.008537328638575768e-04
1.373813653765831335e-04
1.023136457273789781e-04
1.159947858461144333e-04
1.031058521882053747e-04
1.274928537034829517e-04
1.048033129491283960e-04
1.019033264437091852e-04
8.927819610730843318e-05
1.278623218779905595e-04
1.022386002439384895e-04
1.270590022470598831e-04
1.018663475591622943e-04
1.139303228933279355e-04
1.297497150962309759e-04
1.068133563516988904e-04
1.004264429390653397e-04
1.039350753486630187e-04
1.016887191448640127e-04
1.090560793407482936e-04
1.131864495375920979e-04
1.324573135969298596e-04
1.269865846451364959e-04
1.017859102166469973e-04
1.077407519826718867e-04
1.010197772751975640e-04
1.033302612330333351e-04
1.029396396524537917e-04
1.169347783547681054e-04
1.281237310814099892e-04
1.005634679855844135e-04
1.018468132530062114e-04
1.018543883470067918e-04
1.022210963154916160e-04
1.026592964742514065e-04
1.012429604827502907e-04
1.562078906672365009e-04
1.372092227685300567e-04
1.028395651461424582e-04
8.029544784528108551e-05
1.013375748628834197e-04
1.014230308629539241e-04
1.048963867341863891e-04
1.085242797018881356e-04
1.111611801729009603e-04
7.970858999170910984e-05
1.033022088289792636e-04
1.109253605654379933e-04
1.044983544613000483e-04
1.020686005356690981e-04
1.081419786409563251e-04
1.234164194472583921e-04
1.196981581112292330e-04
1.190096652376520451e-04
6.990397623977917215e-05
1.015567201202809258e-04
1.040326969061839346e-04
1.321552845689036358e-04
1.189069701560449121e-04
1.352692347814530498e-04
1.119699758136665088e-04
1.005142304614361018e-04
1.058188848219814807e-04
1.143539714916043740e-04
7.002581868517971536e-05
1.105111720681440751e-04
1.048342830227124366e-04
8.298960041104633506e-05
1.019471946937788853e-04
1.060018532352083613e-04
1.313552727779667101e-04
9.520904328726211029e-05
9.832435770081078704e-05
1.036584083151494758e-04
9.267322250526295168e-05
1.014442172275508341e-04
1.015603045152179833e-04
1.057050921499719573e-04
1.037828283703791713e-04
7.287243039610517880e-05
1.016188105156576435e-04
1.328771991207447630e-04
1.016870191876848516e-04
1.021400588130547761e-04
1.118579618353924161e-04
1.013694424087859409e-04
1.016142068582188474e-04
5.284365307210860769e-05
1.330371365555635898e-04
8.073492013712296527e-05
9.823937575590569870e-05
1.322922839032494066e-04
1.043223680091563465e-04
9.644050127824947824e-05
1.053470415904992122e-04
1.305547415197619993e-04
1.021878524217303860e-04
1.283044391679293819e-04
1.075271872305502257e-04
1.137269945197330069e-04
1.109833074771679310e-04
1.211064251591593592e-04
1.215368327023127391e-04
1.022430321745138162e-04
9.799753900939254321e-05
1.169531035583779000e-04
1.313610508478079569e-04
1.348439949119302353e-04
1.014698196968311501e-04
1.110681595220972201e-04
1.270659854689619580e-04
1.060040004764078910e-04
1.144273887087332044e-04
1.014537891713807293e-04
1.022652309475065860e-04
1.007442155751219181e-04
1.161593120184220286e-04
1.037229200649022976e-04
1.005672564173418421e-04
1.332633568922488552e-04
1.275554588744399456e-04
1.313720415757407768e-04
9.636858531002369778e-05
1.307999249446665320e-04
1.107797703383538607e-04
8.603468932280274647e-05
1.131188636402197608e-04
9.115629628237475264e-05
1.011758451823055233e-04
1.068406268195254161e-04
1.075191638051365811e-04
1.030611186997197392e-04
1.022889321078495305e-04
1.277087350138748282e-04
1.014341523852248863e-04
1.001863801738101770e-04
1.280956110221080722e-04
1.051025857534611680e-04
1.017629877756156615e-04
1.252117013555781246e-04
1.279633492932964701e-04
1.215540572277236403e-04
1.265291012941817091e-04
1.180480226100003710e-04
1.297622761858482346e-04
1.242333892340258576e-04
1.114624498620635733e-04
1.043064494560306892e-04
6.410506856855972195e-05
1.041049316865138051e-04
7.987687057156669143e-05
1.201026592609736216e-04
1.142190882106319534e-04
1.143075041572617299e-04
1.068220236317283844e-04
1.286317144051607702e-04
1.036623822375093017e-04
1.102944215954299110e-04
6.934008926546357510e-05
1.054482064899031900e-04
1.106660826590338744e-04
1.214487616400999404e-04
1.277008644701520788e-04
1.033958547927859873e-04
1.036555085260328974e-04
1.092195252483549951e-04
1.225210108625813979e-04
1.018630782236109759e-04
1.004826374808257948e-04
1.067816735640134904e-04
1.120302398002575418e-04
8.258349602227898795e-05
1.036753485992551336e-04
1.003763591258862445e-04
9.759594760794247550e-05
9.845263051717942739e-05
1.004207087918177502e-04
1.022173287447424478e-04
1.017245592612528855e-04
1.056068856194593237e-04
1.086390640344454312e-04
1.172736530874217078e-04
1.013383634311065096e-04
9.941478875279898973e-05
1.211552495811296632e-04
1.311809728250595505e-04
1.021620341258834634e-04
1.331050919212108574e-04
1.021139776332380660e-04
1.019317379442196710e-04
1.036990565671236229e-04
9.623511007922155185e-05
1.282158667200510537e-04
1.023776174099145207e-04
1.065192098100401245e-04
1.105603593833690370e-04
1.027225529347323805e-04
1.213635820902338663e-04
1.010851507401268410e-04
1.006172649319388976e-04
1.120817267305978593e-04
9.786865495310934418e-05
1.086653474326191503e-04
7.639348189953847426e-05
1.286866274904663603e-04
1.291313830283461763e-04
1.188016967716978102e-04
1.060839462954591274e-04
1.263929079796462414e-04
9.985235371187985967e-05
1.125642704496219684e-04
1.182214481348054332e-04
1.089840912187499866e-04
1.195198713396118103e-04
1.330693833107554061e-04
8.754794111012053216e-05
1.114019162097672200e-04
1.071410655065897728e-04
1.134842804743938996e-04
9.849994074363189968e-05
1.010519008264896206e-04
1.023853431063427246e-04
1.012089182402768351e-04
1.238617781827620835e-04
1.054738360748102123e-04
1.158965244319650747e-04
1.032205046671892819e-04
1.054275852128386162e-04
1.058407115103227356e-04
1.129702120059419471e-04
1.010022644415449890e-04
1.031766811842067816e-04
1.309385882057538921e-04
1.013102620982900292e-04
1.013672010748854953e-04
1.216671509043691998e-04
1.021898915917482734e-04
1.002139191773157340e-04
1.022004239656680509e-04
1.143454015972466588e-04
1.084757052035877393e-04
1.032226293110247276e-04
1.067806242676598002e-04
1.326834856040772165e-04
1.016204953793298482e-04
1.085834881511917510e-04
1.022358585845285599e-04
1.018720818429920627e-04
1.007475478826548018e-04
1.014257870240144801e-04
1.020745063724105812e-04
1.099730643566680785e-04
1.176272528437775623e-04
1.215949114676160924e-04
1.060832494172496920e-04
1.361354121923358295e-04
1.016082459067826010e-04
1.110949172363638382e-04
1.010122090413553397e-04
1.031927368339218367e-04
1.072372581979327236e-04
1.189449873282698734e-04
1.049416356732675473e-04
9.051715533322139760e-05
1.351277513240097027e-04
1.069409122086049203e-04
1.112830823152071390e-04
1.340877993953881742e-04
1.193643255408847131e-04
1.024287159581222857e-04
9.343375957423963145e-05
1.250875517350188819e-04
1.010031950391029594e-04
1.036077367936522254e-04
1.069642489636846166e-04
1.173848217732669880e-04
1.017928027964545883e-04
1.276356930425230759e-04
1.159631335372911704e-04
1.051714198157299767e-04
1.014457820842394132e-04
9.755788197222894800e-05
1.162188559531098951e-04
1.162244794209577438e-04
1.071171024312468048e-04
1.193355871505835192e-04
1.151314996516500844e-04
1.084144319886742657e-04
1.110142531833464174e-04
1.275415217760508910e-04
1.275018003403629913e-04
1.080356719758886072e-04
1.119775183171770630e-04
1.016329836531854129e-04
1.039269899586592853e-04
1.058433043681361596e-04
1.112929955221867584e-04
1.224772799572647678e-04
1.030886721338220284e-04
1.058229359142825473e-04
1.270352776963078764e-04
1.091336195968408616e-04
1.311125416047314012e-04
1.067875607321655535e-04
1.027078643005552430e-04
1.020097131006255108e-04
1.017779266274171292e-04
1.020704205382536787e-04
1.165822872221891236e-04
7.249286514260578533e-05
1.186634808366053806e-04
1.202936532230843562e-04
1.288591420414565529e-04
1.123786457736953285e-04
1.005521675465472831e-04
1.025763796747013076e-04
1.013019172578171980e-04
1.243290336337512017e-04
1.038628996344347538e-04
1.102727660882809647e-04
1.199309504143919745e-04
1.171041407501516144e-04
1.252409525911516710e-04
1.019259306287022444e-04
1.381218150129370770e-04
1.323804836846209231e-04
1.013905716475889282e-04
1.058178407123267747e-04
1.306308607173574821e-04
1.025012107281444746e-04
1.017911545288909870e-04
1.042682394898764150e-04
1.017975584603008049e-04
1.250508490573811827e-04
1.023524436331722023e-04
1.182027772201804308e-04
1.098750243155289342e-04
1.327516256682035158e-04
1.019497615636232220e-04
1.018392337315347356e-04
1.156847492969892140e-04
1.023161829849600167e-04
1.174170677847572494e-04
1.076666421079574849e-04
1.065608142017414924e-04
1.018942136178574903e-04
1.076362693755460095e-04
1.022128726280815731e-04
1.039116930641098340e-04
1.041131843382774686e-04
1.017633503389942190e-04
1.015563286388655799e-04
1.136310363173613193e-04
1.011467033657078370e-04
1.287197840182612680e-04
1.331551711695475114e-04
6.881714243197240054e-05
1.198674082661243677e-04
1.109173235123409349e-04
1.011968692344672260e-04
1.042753212808986141e-04
1.102962773942366386e-04
1.027187675935726488e-04
1.334393418822535534e-04
1.057037396734543096e-04
1.006708468454293895e-04
1.274341347097002902e-04
1.166502594919114954e-04
1.321375598908818927e-04
7.074487433345471611e-05
1.306598903917583810e-04
1.094212306027331655e-04
1.309971024380938889e-04
1.169935370226251632e-04
1.017243664654820552e-04
1.012043183802940004e-04
1.215592572634180266e-04
9.984614182359196591e-05
1.150840523109762816e-04
1.177734167059600742e-04
1.086125078078611325e-04
1.052308280164921436e-04
1.010208673945996464e-04
1.062609397661373479e-04
1.094510470228146170e-04
1.101657711373078445e-04
1.191080238281261571e-04
1.296347387134464237e-04
9.729087720331702251e-05
1.086100573514966718e-04
1.109140917460788625e-04
1.012519067958068969e-04
9.967623596038604919e-05
1.132029099974511091e-04
1.007515796147717989e-04
1.095559548913468381e-04
1.004007622571877499e-04
1.006373865953524296e-04
1.148608725366605531e-04
1.018829879773908685e-04
1.023177452410623049e-04
1.090590341274516248e-04
1.217306640628877695e-04
1.105516886499701302e-04
1.023320397271837505e-04
1.025233756150907419e-04
1.082765017459736854e-04
1.038368723592847847e-04
1.018061406299424995e-04
1.105767856975710297e-04
1.048388932545137199e-04
1.310757144436903261e-04
1.217675244679864707e-04
1.299625497539809319e-04
1.057177948372032617e-04
1.154416074995280806e-04
7.928080000062377025e-05
1.096884672525296340e-04
1.108345503016357111e-04
1.036330864841964204e-04
1.233639395418658616e-04
1.125478144335493469e-04
1.057079080066226592e-04
9.130659100054353049e-05
1.102641665842912696e-04
1.031351184897850759e-04
4.647405139032216256e-05
1.115868601268041164e-04
1.023869794904738419e-04
1.220905567509835506e-04
1.015972236599636336e-04
1.026430465226778132e-04
1.282457232163224440e-04
9.921082869394860695e-05
1.020199781846837931e-04
1.023741193017080315e-04
9.966307339463284401e-05
1.027746599886140825e-04
1.159599479099900630e-04
1.087724650730065355e-04
1.030796254558144666e-04
1.012567449702440837e-04
1.209350761036552719e-04
1.114458346688917566e-04
1.022881057666482680e-04
1.102950782065244408e-04
1.136621074617020230e-04
1.166819016926066516e-04
1.256742908025564769e-04
1.049980733956476460e-04
1.094918045520511468e-04
1.339094401552538328e-04
1.064296546549788205e-04
1.160375840661936170e-04
1.050000881261536770e-04
1.021123329299674769e-04
1.003934438017494997e-04
1.016977707179847251e-04
1.149043988688289668e-04
1.034149724232604275e-04
1.007736083217289602e-04
1.010857528456199361e-04
1.214564887619560353e-04
1.008180329357081796e-04
1.303114592682656770e-04
1.022206570437614195e-04
1.275183566516478522e-04
1.281257089913281954e-04
1.174578314609778647e-04
1.007190837006637459e-04
9.351281816857743851e-05
8.522990226664546435e-05
1.080449461223107025e-04
1.015127095216586297e-04
1.025783289660635566e-04
1.084288341525473684e-04
1.296088342823193860e-04
1.289648283488985822e-04
1.005248474773115145e-04
1.026907457141713968e-04
1.193517247591661777e-04
1.256028917887767979e-04
1.087358220251679274e-04
1.009640723105398845e-04
1.027585832431482301e-04
6.493184568196535222e-05
1.008182662884692170e-04
1.190085330443828402e-04
8.176079571518993585e-05
1.011464456987007349e-04
8.608803094139829445e-05
1.289722809000674864e-04
1.107660199421741629e-04
1.027811784410916052e-04
1.023345399023288174e-04
4.143058934857889885e-05
1.086553452159512391e-04
1.261281330018678836e-04
1.270326323460975351e-04
1.088838039038364107e-04
1.125576087904138869e-04
1.141789390788762421e-04
9.582684690359307214e-05
1.155448576865948049e-04
1.141270518998125592e-04
1.192492115154453593e-04
1.320208259911666586e-04
8.045626522819773860e-05
1.083433426970521486e-04
1.185631718817183001e-04
1.006222892164664224e-04
1.089435240007535988e-04
1.014781446113173665e-04
1.291448989313439492e-04
1.012526311514934130e-04
1.149408326665689491e-04
1.144637906304736254e-04
1.015256998913274171e-04
1.326272623453369852e-04
1.033928171533784123e-04
9.311297643598158880e-05
1.013582662136723638e-04
1.329240491364306860e-04
1.026355145367784550e-04
1.095083304718442351e-04
1.186171704379949005e-04
1.086209368871230037e-04
9.974516009631579012e-05
1.012072027795812889e-04
1.078479371417246811e-04
1.187310948791018748e-04
1.294519811396970660e-04
1.221213465331640806e-04
1.331051373233127760e-04
1.023135490388287318e-04
1.019783873735596126e-04
1.222747270917226743e-04
9.696012608207672486e-05
1.154214260121004114e-04
1.200627086003829772e-04
1.217383031749469586e-04
1.004624611456222998e-04
1.125879616907881996e-04
1.036967588140249116e-04
1.289186745065374847e-04
1.092045228832434512e-04
1.008782325300216647e-04
1.269897852280462000e-04
1.126717708133270453e-04
9.213846594438682451e-05
1.285262643177830563e-04
1.017522840316832888e-04
1.019888669125739128e-04
1.028085637644668410e-04
1.179154955608469545e-04
1.014601552584951956e-04
1.329743564074051124e-04
1.016383045714098999e-04
1.111878899514545622e-04
1.094743548574892480e-04
9.669208547422763252e-05
7.676619739369377386e-05
1.016259893983967924e-04
9.984873542431715768e-05
1.158970032269769049e-04
9.947523926712161055e-05
1.013901203213698820e-04
1.078783736316621215e-04
1.034659388389410506e-04
1.123066371475388222e-04
1.023638245080157042e-04
1.012230057784580781e-04
1.031042798245008043e-04
1.013957330984442961e-04
1.013281431428200827e-04
1.070984816456747700e-04
1.025475338733652404e-04
1.027533461115969805e-04
1.228635478372339573e-04
1.251026827752093186e-04
1.234505292370824002e-04
1.002365162534603170e-04
1.108953088541292305e-04
1.157415082367925513e-04
1.315373755180306362e-04
1.049629162884634819e-04
1.134766128361493497e-04
1.147700435282146975e-04
1.345403538145455559e-04
1.218216644739794722e-04
1.022155809127727697e-04
1.033428811770366801e-04
1.006800216758718501e-04
1.289156015481557783e-04
1.338551410632161194e-04
1.203683272408357714e-04
1.194457814453590567e-04
1.025419504819701140e-04
1.145246148318527238e-04
1.003750518062016765e-04
9.932510634769198005e-05
1.015072197358474264e-04
1.078855052498882069e-04
1.093796207143256800e-04
1.340059782580000258e-04
1.020273604794922620e-04
1.345608827757924469e-04
1.307886721509409530e-04
1.111731197582869877e-04
9.979032797905018734e-05
1.017470772755705861e-04
1.083766753766811288e-04
1.108807504040130662e-04
1.094239774706841725e-04
9.932510537240612863e-05
1.026869305420591917e-04
1.187731280886075876e-04
1.180303601481533856e-04
1.094454709392198922e-04
1.201904015080876005e-04
1.222708537151072133e-04
9.577237925647617638e-05
1.125174927560016857e-04
8.031854952150757490e-05
1.009749030439858748e-04
1.227357907077825170e-04
1.190743378277008235e-04
1.220846122588748438e-04
1.145139532238940706e-04
1.017490481495366084e-04
9.190111608471909408e-05
1.023549222601878724e-04
1.012773470847605359e-04
1.121362244343306156e-04
1.234543719011459476e-04
1.279535314332570599e-04
1.321799307947704250e-04
1.030466096739037445e-04
1.008264505891795341e-04
1.225479818432237530e-04
1.205876749502799816e-04
1.021354280878854226e-04
1.082475021395043024e-04
1.026231681980452641e-04
1.019608294688656967e-04
8.426222166604104620e-05
1.159638475748444030e-04
1.092366268225036200e-04
1.012166627960881698e-04
1.329007230939668156e-04
1.017460869990018997e-04
1.017258306272119425e-04
1.002257466369528766e-04
1.014358994371765464e-04
1.013377333833886138e-04
7.771235220422599316e-05
1.006518651362538506e-04
1.210141530689439442e-04
1.000462502394874133e-04
1.241777187556917649e-04
1.108965851846767338e-04
1.031838580129513285e-04
1.031981297819689684e-04
1.215250473868071919e-04
7.985248015740120545e-05
1.232491185463560255e-04
1.008111671633623430e-04
1.024950413013643607e-04
1.035684322779937096e-04
1.018452037231799931e-04
1.119484927543183391e-04
1.023649604711088939e-04
1.057566213502368011e-04
1.018256013607140279e-04
7.537975568960018132e-05
1.018001697688036237e-04
1.149311223126981926e-04
1.247117602051740716e-04
1.016951253307997287e-04
1.191012570837267132e-04
1.134858871312589715e-04
1.018355826292662199e-04
1.263476429040076066e-04
1.017130425132698482e-04
1.005211324977777865e-04
1.117151417333759006e-04
1.024445705268747504e-04
1.017691657754885319e-04
1.008569015923472460e-04
1.179362388202037832e-04
1.022902967541219655e-04
1.315305296682506753e-04
1.032260563660101571e-04
1.030460826796199345e-04
1.091831104200007132e-04
1.006765075594009718e-04
1.034229156510312883e-04
1.253770049229557901e-04
1.030719487520971925e-04
1.109953029522668737e-04
1.055613298955252323e-04
1.282446894808548837e-04
1.180945384828332588e-04
1.040132616091575768e-04
1.211583837657945412e-04
1.319079109365431661e-04
1.041178928165595541e-04
1.078011145712783341e-04
1.328052814676117233e-04
1.012872418986836411e-04
1.122989665502784951e-04
1.221269088549934237e-04
9.994676442467474524e-05
1.017920792244703581e-04
1.190270415381495313e-04
1.328049881692552013e-04
1.244651705281672792e-04
1.015645627978334613e-04
1.222098099394433352e-04
1.240260492994386444e-04
1.011175597638057025e-04
1.011271717996149082e-04
1.016102475104061029e-04
1.034244649342023890e-04
1.210539865474843788e-04
1.213295076646482920e-04
1.234403901217243646e-04
1.143174466195228962e-04
1.054956474127970026e-04
1.156424756071895520e-04
1.020980960543877076e-04
1.116497386198664425e-04
1.020710712396065455e-04
1.167683862459197600e-04
1.058394279648718615e-04
1.013316984260317265e-04
1.118820495094041418e-04
1.308318668916305097e-04
1.159039504275201241e-04
1.114074063290072239e-04
9.640149267469237118e-05
1.005528186568569268e-04
1.178249981116416653e-04
1.108413038377032794e-04
1.082107386373030913e-04
1.020647146911339960e-04
1.333671615221284756e-04
1.073881420836641658e-04
1.014613016868301092e-04
1.373611691835523825e-04
1.063290562448499822e-04
1.021904065299639712e-04
1.171139112751498645e-04
1.028303202946080863e-04
1.017222584909792583e-04
1.326196042746822113e-04
1.066326870721292982e-04
1.272676353641632996e-04
1.033376341263085818e-04
9.869389440150694325e-05
8.524279088764748159e-05
1.111334922972708822e-04
1.078342666321281174e-04
1.213036094937974737e-04
1.024394161832889352e-04
1.054713970260775759e-04
1.001717662316220834e-04
1.455075629811496422e-04
1.011015837809315341e-04
1.088109425616585622e-04
1.077009493755026937e-04
1.039290021009476174e-04
8.404537788498640360e-05
1.184982854122532689e-04
1.173339332783345066e-04
9.937885856274948279e-05
1.011455526722742189e-04
1.165573322833988914e-04
1.119698544584935143e-04
1.090723895092398868e-04
1.108831417032210315e-04
9.652398195267216643e-05
1.022131940355089927e-04
1.226607538924368891e-04
1.256034833034990383e-04
9.706338215191113799e-05
1.117808543245635570e-04
1.219763265712320511e-04
1.021650469418227249e-04
1.070439470612215445e-04
7.834649723292833241e-05
1.070787644221337265e-04
1.151565644769270944e-04
1.010708587551158524e-04
1.044789784903817222e-04
1.024931644169386509e-04
1.234571688120956708e-04
1.031265957875701595e-04
1.316463778611822778e-04
1.007305470592555544e-04
1.043413193807889286e-04
1.110540520662189960e-04
1.157328163169832574e-04
1.176711243278692943e-04
1.019705910860266019e-04
1.119343219271072077e-04
1.330809977038901462e-04
1.099608800406263071e-04
1.022661665007051229e-04
1.316664126936422903e-04
1.272516288500575492e-04
1.064910302422577887e-04
1.110266901291737015e-04
1.052119812493821694e-04
9.957099931425630109e-05
9.700210128524194343e-05
1.019967964358175686e-04
1.029261077323754804e-04
1.013403816235344384e-04
1.010915920721379516e-04
1.016113812518687389e-04
1.014756382797140218e-04
1.010015068764068047e-04
1.070822201304129237e-04
1.070891464910007440e-04
1.012378533026229033e-04
1.197933294758125281e-04
1.107163106813351659e-04
9.499036891232519135e-05
1.213820342429616133e-04
6.471360045444556649e-05
1.093582371028021600e-04
1.036883376004711253e-04
1.181452467285999544e-04
1.135342989544839854e-04
1.025229189950651107e-04
1.001665809570583828e-04
1.002930511986136099e-04
1.014537375841360401e-04
7.395733380824953912e-05
1.184145072262187174e-04
1.109809148908249079e-04
1.096431286711135661e-04
1.272258268110336085e-04
7.911610643102716498e-05
1.147731388144806287e-04
1.030450916914561044e-04
1.080203446374779246e-04
1.018509732451923998e-04
1.280952343739304459e-04
1.177794769210058055e-04
1.031902323297293140e-04
1.170825168199170235e-04
1.026088585168357514e-04
6.199202382901524355e-05
1.085142743188310087e-04
1.031883944156781390e-04
1.139332628788996735e-04
1.040533154705541001e-04
1.290131468286510234e-04
1.012287971543965158e-04
1.172674062638531936e-04
1.030147588125971075e-04
9.109913308691372567e-05
1.022256976655085668e-04
1.240776654990820283e-04
1.050520943361259299e-04
1.272023773604547393e-04
1.077472076060656092e-04
1.281066655859898430e-04
9.000094893681137760e-05
1.372357833270562786e-04
1.011934164030967010e-04
9.919431907374270051e-05
1.062988456831597895e-04
1.009246058785079526e-04
1.141571352992217891e-04
1.027271069162864330e-04
1.186774646218628770e-04
1.159499638332150056e-04
1.223745628825176866e-04
1.005082281479913918e-04
1.213068644208579392e-04
9.884379073599598416e-05
1.025923164871965807e-04
1.312798917030864659e-04
1.020473098641879454e-04
1.073340801680286682e-04
1.156514057398724127e-04
1.010606316535139158e-04
1.024666061842557230e-04
1.024015058577435627e-04
1.080144686785321407e-04
1.059037833889070809e-04
7.294048358032876483e-05
9.920369633412648728e-05
1.257176595088448502e-04
1.039337821206198244e-04
1.011820738078220719e-04
1.028585938174560735e-04
1.026165666391737010e-04
9.990101852542518986e-05
1.034271111006157382e-04
1.027216885687053848e-04
1.293579649198338692e-04
1.345327722177630471e-04
1.054380308137001454e-04
1.079703122381186456e-04
1.015147660170769765e-04
1.030223566439653949e-04
1.028124215651957200e-04
1.019324222624019507e-04
1.068432315660343261e-04
1.079227871351215830e-04
1.042493383394043287e-04
1.177609437371950784e-04
1.046133870564364718e-04
1.137816606018306437e-04
1.073837002952291256e-04
1.025680977085761318e-04
1.015800407323560865e-04
1.047985855785676186e-04
9.620324946005787625e-05
1.011107776607618892e-04
1.084073999069590634e-04
6.733553348786452605e-05
1.186131611400805246e-04
1.288253120674408996e-04
1.296213392249808262e-04
1.000349372285806851e-04
1.120722101780478923e-04
9.547232159295361196e-05
1.011477608759352273e-04
1.166213753773216272e-04
1.206878044926002548e-04
1.018803189536070090e-04
1.017210989794470452e-04
1.016938745250526519e-04
1.023377244103935074e-04
1.276326864096213626e-04
1.019361258200929455e-04
1.144748426895604273e-04
1.077254022863759127e-04
7.315628109246836855e-05
1.194052571241432519e-04
1.188154439888563341e-04
1.013191913064777767e-04
1.014330868563910736e-04
1.182299502760189076e-04
1.007125643552709784e-04
8.252670597728320001e-05
6.926956062771840632e-05
1.054293571074696765e-04
1.092545889344332522e-04
1.311571970977301908e-04
1.151013803498321500e-04
1.298925057084871263e-04
1.016385508465745494e-04
1.086636413939837684e-04
9.885877153271409453e-05
1.004556536288334849e-04
1.042510515232053275e-04
1.289571294078255118e-04
1.019987766552631542e-04
1.020434164826365984e-04
1.021436241414987525e-04
1.256467417218441100e-04
1.018067649562119881e-04
1.044974619680437877e-04
1.020086728118485282e-04
1.169637850319269677e-04
1.260624749650989082e-04
1.086449661886016582e-04
1.097255538748294888e-04
1.080788812438877085e-04
1.015234145437783023e-04
9.932749398813111436e-05
1.030354553671908053e-04
1.275292464892228636e-04
1.027679007216242805e-04
1.047808656288134441e-04
1.024732467340283158e-04
1.044227518459055583e-04
1.144342525526133124e-04
1.012324378006335915e-04
1.012195987691987952e-04
1.062819143382083987e-04
9.952317011370573070e-05
1.094347153355365696e-04
1.251478208021220570e-04
7.973025287863365264e-05
1.066971775974441549e-04
5.887576103433985711e-05
1.003830349822643634e-04
1.133580168134022410e-04
1.262748774474667401e-04
1.020491206028745278e-04
9.992673004012004960e-05
1.049759651631682630e-04
1.043563632315958176e-04
1.013730298727413316e-04
1.105921866008396801e-04
1.011615293662173812e-04
8.992334264340308425e-05
1.109510170709673360e-04
1.049869702601176797e-04
1.216279662735866228e-04
1.080217913109090118e-04
1.077356305758999110e-04
1.031657385837022196e-04
1.007613448743848480e-04
1.074983227519405094e-04
1.062127505735833532e-04
1.107636009217991474e-04
1.061275237298610834e-04
1.013768488670474408e-04
9.260081455303628272e-05
9.046225950989431595e-05
1.131702325575696530e-04
9.999828421630107503e-05
1.319101999357555897e-04
1.196129884151434940e-04
1.011486588351072125e-04
1.114203922498887390e-04
1.158986872522089389e-04
9.215967126389552563e-05
1.047654401005017951e-04
1.291269967227722394e-04
1.185623267021868092e-04
1.017754680906026224e-04
1.022042109110753470e-04
8.925805841484025778e-05
1.057352687525877873e-04
1.310959758069112037e-04
1.135593305024131991e-04
1.021144822091087892e-04
1.022930185928105912e-04
1.333741329348099569e-04
1.005410018543082093e-04
1.012457443255032613e-04
1.202670560810810689e-04
1.008293837703836288e-04
6.732695539489621074e-05
1.012313322698225979e-04
1.103392827101541034e-04
1.024218282263213072e-04
1.028461529689070428e-04
9.863573782703737535e-05
1.323193470728644446e-04
8.755040935663309105e-05
1.292245018894455796e-04
1.273120043937001154e-04
1.070223465936344007e-04
1.023676737253885520e-04
1.291626938334881891e-04
1.082946932668891170e-04
1.286279847989731638e-04
1.101720242618117046e-04
1.073585610219160414e-04
1.232931941470066990e-04
1.117431719645490905e-04
1.022451319504061486e-04
9.936952572523444053e-05
8.603609727178656013e-05
1.361055965992468103e-04
1.171776632260286414e-04
1.100616306559829775e-04
1.026823253819537929e-04
1.230611650524022940e-04
1.309099993775932839e-04
1.010575703764550291e-04
1.129457641246588894e-04
1.020680783467595398e-04
1.097227000204585551e-04
1.122178898566727226e-04
1.021121634744725121e-04
1.110561653366335327e-04
1.179917087978521738e-04
1.013067837060656692e-04
1.035610118349353822e-04
1.084226661494843287e-04
1.069181191745108582e-04
1.133827798993377846e-04
7.847227595060823338e-05
1.016963808071808157e-04
1.126732263917010505e-04
1.233792634412500555e-04
1.080121020659471470e-04
1.227989727618075460e-04
1.010418694178314266e-04
1.044229864556692357e-04
1.260658372327976505e-04
1.043137889540604910e-04
1.139350980039395713e-04
1.018691137004536305e-04
1.141100800720832990e-04
1.032263360440522759e-04
1.038492441136053892e-04
1.323754444592218195e-04
1.032600933420462614e-04
1.058235579181301722e-04
1.066544518245657704e-04
1.016676364302939779e-04
1.080032775045197864e-04
1.021074543224905883e-04
1.016525842371889232e-04
1.148134809485911606e-04
1.109066987168119597e-04
1.128961959290529819e-04
1.295304188375809252e-04
1.012847806881228866e-04
1.022684239847157213e-04
1.228174964719781119e-04
1.022675980674716471e-04
1.018984453661754498e-04
1.141864903694321607e-04
1.234113900772185744e-04
1.289202744198259258e-04
1.230041670589169015e-04
1.022470858863492330e-04
9.533395563886833503e-05
1.108162752306316112e-04
1.030715581378074182e-04
9.442667136422896058e-05
1.022162624416798909e-04
1.045892000101284792e-04
1.154671030518640773e-04
1.213190726548208211e-04
1.043613723599837883e-04
1.100560193957855331e-04
8.982823630874384819e-05
1.151461053691746198e-04
1.197373908624663847e-04
9.293948735102336000e-05
1.133264195391400471e-04
8.928195089828880814e-05
9.967633236366660343e-05
7.087149180689884169e-05
1.008132421028912814e-04
1.241046883934237969e-04
1.105945500859838355e-04
1.039197164126798637e-04
1.064041782704542590e-04
1.206501390569241703e-04
1.021297835858671831e-04
1.150145600734976643e-04
1.024538877061331867e-04
1.060073728340767796e-04
1.005841867422698117e-04
1.051482890330417938e-04
1.323666575861654783e-04
1.134539191759306541e-04
1.294137846096427350e-04
9.970131070826097235e-05
6.119127250190938797e-05
1.188381855307077569e-04
1.294590680338629485e-04
1.259835595945970905e-04
1.200871852054880077e-04
1.036434891998567001e-04
1.016851995608980254e-04
1.080320481128025181e-04
1.015775083306768206e-04
1.012066179208027754e-04
1.085070641461578778e-04
1.024537554325501766e-04
1.286075413952299002e-04
1.024799745616073642e-04
1.290025689092048433e-04
1.190018074086964688e-04
1.166029331661397306e-04
1.035788508029663989e-04
9.101418351275686336e-05
1.087585383353835319e-04
1.282671598943352094e-04
9.706710382409946170e-05
1.173128439750596160e-04
1.002621942381698021e-04
1.012961576920872939e-04
1.032457638782741165e-04
1.066195516251603349e-04
1.013437616163795368e-04
1.012838455170384492e-04
1.074677158614862656e-04
5.983564504411463796e-05
1.071751164561065341e-04
1.014624563340392260e-04
1.117657329551227001e-04
1.062250072712977880e-04
1.317695322145314839e-04
1.200798872931558463e-04
1.065294283890764869e-04
1.143300876738825020e-04
7.114247458267291494e-05
1.094023164977508120e-04
1.276489477135627187e-04
9.990443177272285177e-05
1.146435185906588935e-04
1.227527139933373874e-04
1.055841808221411797e-04
1.057128092809391716e-04
1.081898304993988020e-04
1.227449653105883696e-04
9.514187190394218254e-05
1.092346404776536379e-04
1.299883528072387896e-04
1.071108380154293439e-04
1.048746882614391598e-04
1.042139339601901780e-04
1.208998795355590444e-04
1.290007580349893438e-04
1.104359199917712771e-04
3.948212312834105885e-05
1.071130284092052074e-04
1.124794129781193989e-04
1.008443106924359836e-04
1.019588594807095867e-04
1.224788815963821071e-04
1.159948850693282664e-04
1.077924957993434894e-04
1.151876994324792399e-04
1.131901185797483075e-04
1.147212674220975294e-04
1.119604365987504581e-04
1.158264751795087631e-04
1.234001946207390033e-04
1.027860855818594446e-04
1.011540356130437513e-04
1.244144935691758103e-04
1.013360049281825434e-04
1.011921434421007024e-04
1.177855292786331263e-04
1.114894221877371655e-04
1.191353349301811681e-04
9.437397148270027371e-05
1.022869396765430685e-04
1.076237905687516130e-04
1.285245731005426944e-04
5.708556483551978670e-05
8.015415974629945940e-05
9.797976189121166497e-05
1.060801305209646561e-04
1.245172355681829757e-04
1.283988142288475937e-04
1.035038789904389219e-04
1.019151942279627630e-04
1.007244472846111029e-04
1.025451893391854993e-04
1.015531584448160459e-04
1.017303788360012689e-04
9.107695672391277330e-05
1.008490668760310085e-04
1.238996556675483183e-04
1.312988680326641823e-04
1.014023952671373963e-04
1.028436904098944206e-04
1.089581761519824280e-04
1.176833408307073169e-04
1.103778599691379239e-04
1.215711975648731580e-04
1.274379659482368905e-04
1.093175861607656744e-04
1.076925485066298983e-04
1.122507385473539608e-04
9.955224086023972381e-05
1.364095724746313266e-04
1.090918039494682935e-04
1.021326669640782087e-04
1.144268339327549826e-04
1.234752499183537861e-04
1.035344928105267091e-04
1.367729848078784590e-04
1.355785105527343079e-04
1.330915346005458557e-04
1.170805553045882252e-04
1.136800734474054206e-04
1.155417957437310098e-04
1.152649653211785825e-04
1.021470804276861273e-04
1.025399024027988501e-04
1.275665549650703361e-04
1.014676738019783334e-04
1.067126922188672865e-04
1.295619830970012008e-04
5.719196660962734319e-05
1.238624872428318571e-04
1.052142550261374684e-04
1.082628521421232908e-04
1.001495589392221015e-04
1.284473289757672126e-04
1.023010554922200129e-04
1.037029853726514526e-04
1.011994216397664681e-04
1.020552132626173752e-04
1.081762733418952904e-04
1.035792595724127369e-04
1.045642190441577277e-04
1.023607534012557454e-04
1.073799772939308840e-04
1.203348333147174587e-04
1.072159449572463721e-04
1.102470788394098710e-04
1.065240487605478576e-04
1.022974523205330929e-04
1.024893777589063235e-04
1.180028859528561348e-04
1.025539430951607280e-04
1.023046066763898314e-04
1.007196599687176515e-04
1.164973406365224674e-04
1.252830145161896688e-04
1.012991828925232090e-04
1.182177872012575315e-04
1.013966767855150030e-04
1.162999180863794817e-04
1.015771761430001762e-04
1.057269467197472038e-04
1.020068301729509710e-04
1.049357540849813722e-04
1.026544561352903562e-04
9.726502432377621325e-05
1.108145843297144567e-04
1.011816213147338393e-04
1.012823169817153140e-04
1.240690220172341535e-04
1.110015808889227955e-04
1.012004903813063693e-04
1.013994677668539471e-04
1.079035736637480965e-04
1.015840771845819088e-04
1.082931184239168873e-04
9.915428249011409801e-05
6.444509486414064204e-05
1.032700111572901311e-04
1.028949154083925283e-04
1.326838797254218532e-04
1.089992181329238512e-04
1.122325366709362934e-04
1.031203901515322042e-04
1.302768967590323720e-04
1.090255836765486019e-04
7.570677747834339371e-05
1.056217700150025496e-04
1.238004862435999095e-04
1.163003922031251281e-04
1.167388871021170579e-04
1.020018865060760821e-04
1.145601327276378007e-04
1.031788795326402076e-04
1.205065655156544477e-04
1.032164265782117011e-04
1.102489337064846393e-04
1.103277212492953708e-04
1.126836398260298231e-04
1.196128535180784858e-04
1.086683836354146248e-04
1.059620728032886522e-04
1.153853184897947253e-04
1.047296659319525052e-04
1.322010257964663664e-04
1.047268248747191074e-04
1.040226277255997862e-04
9.981834835815354729e-05
1.036601102176365924e-04
1.137551540792898925e-04
1.243201917599503147e-04
9.870683064255682585e-05
1.179347716705101513e-04
1.011105358304364033e-04
1.072111041745908700e-04
1.050373929421800055e-04
1.292966801766279284e-04
1.017271436338703245e-04
9.345644492795047455e-05
1.022021154379139970e-04
1.061835215089167763e-04
1.214157713462780442e-04
1.113823499249770680e-04
1.221556844254960536e-04
1.078736211194678723e-04
1.022227571028181672e-04
1.127533825308757866e-04
1.031951049233832316e-04
1.054483128649929164e-04
9.870720846497197136e-05
1.176664726151094775e-04
1.216030059662511690e-04
6.462285567728807772e-05
1.073019823947005493e-04
1.047200564025167990e-04
1.299582118750523927e-04
1.053432399447519718e-04
1.193305812024007389e-04
1.014874297206241010e-04
1.286849692224084434e-04
1.010146766578532492e-04
1.094692251618417455e-04
1.027026109454709784e-04
1.021610985305785257e-04
1.143465242284524966e-04
1.038772392437042696e-04
1.067779888801796440e-04
1.125453553893548134e-04
1.335660714603280536e-04
1.084977308525796562e-04
9.225750660925130227e-05
1.005527414998109428e-04
1.179065781158258739e-04
9.934805606909095086e-05
1.200623075395360772e-04
1.325300410644348454e-04
1.093125493917391871e-04
1.011468066249359500e-04
1.019881362304254728e-04
1.022959020833925990e-04
1.245329419079840968e-04
1.223806043500248622e-04
1.211290068841595143e-04
1.290278389344872649e-04
1.009427640244412307e-04
1.241651390736715527e-04
1.022497778430315113e-04
1.103491619268746020e-04
1.189392292573116829e-04
1.095509885818435629e-04
1.018301750243019287e-04
1.026759384490948302e-04
1.173330680625506547e-04
1.245230133253861235e-04
1.183449006976777681e-04
1.222820749220503134e-04
1.012820362836498961e-04
1.074856765260138986e-04
1.305815605100497261e-04
1.319009839125189312e-04
1.001870991785835805e-04
1.121376714818492502e-04
1.325121389738923656e-04
1.004875264832799479e-04
1.046848060558094770e-04
1.052485226590830114e-04
1.060771914067284332e-04
1.358076666209459668e-04
1.094733316230541044e-04
1.281706246766556052e-04
1.121193026005196759e-04
8.734058526463880955e-05
1.332446501402169447e-04
1.014627721168629711e-04
1.103801012950119396e-04
1.020319880719581141e-04
1.078010891462171620e-04
1.136878343520157246e-04
1.072750981997478993e-04
1.012758708948577032e-04
1.323701912604569161e-04
1.265252923514238303e-04
1.202923571478701088e-04
1.133952676379176546e-04
1.095732608249548579e-04
1.015779188391105036e-04
1.098997479213418562e-04
1.193078365102138413e-04
1.329459681361159888e-04
1.192730130632399375e-04
